1 98 71 72 241
2 88 69 47 204
3 69 58 20 147
4 49 31 99 179
5 71 73 109 253
6 91 47 61 199
7 73 75 106 254
8 46 84 104 234
9 79 75 30 184
10 80 69 82 231
11 80 60 119 259
12 61 93 64 218
13 63 63 87 213
14 78 59 104 241
15 70 48 77 195
16 71 115 89 275
17 77 122 137 336
18 49 56 35 140
19 61 81 90 232
20 90 60 77 227
21 86 103 82 271
22 63 104 68 235
23 63 88 89 240
24 85 99 104 288
25 91 83 87 261
26 60 61 107 228
27 105 36 130 271
28 81 75 111 267
29 91 139 63 293
30 85 76 65 226
31 45 97 70 212
32 87 129 81 297
33 51 69 30 150
34 44 77 84 205
35 50 96 84 230
36 57 75 85 217
37 98 63 70 231
38 77 65 65 207
39 40 63 83 186
40 53 46 79 178
41 42 64 41 147
42 62 72 113 247
43 66 55 89 210
44 66 44 95 205
45 92 33 57 182
46 85 85 53 223
47 56 77 78 211
48 75 71 111 257
49 85 44 103 232
50 92 74 38 204
51 64 78 73 215
52 91 105 92 288
53 70 43 66 179
54 77 89 56 222
55 88 86 61 235
56 84 104 69 257
57 89 97 80 266
58 70 50 72 192
59 96 60 50 206
60 78 82 79 239
61 70 105 43 218
62 87 101 65 253
63 57 79 74 210
64 137 64 132 333
65 72 119 68 259
66 68 70 60 198
67 98 76 34 208
68 98 59 99 256
69 65 119 82 266
70 55 42 53 150
71 85 46 42 173
72 43 117 77 237
73 42 75 62 179
74 71 92 60 223
75 48 80 82 210
76 60 37 66 163
77 36 94 80 210
78 57 121 61 239
79 111 55 52 218
80 69 63 95 227
81 78 21 138 237
82 56 112 37 205
83 87 24 76 187
84 78 62 92 232
85 87 70 33 190
86 72 73 82 227
87 141 113 65 319
88 93 61 88 242
89 42 76 138 256
90 78 67 88 233
91 50 53 75 178
92 67 81 70 218
93 60 66 76 202
94 87 59 74 220
95 57 94 101 252
96 64 71 86 221
97 107 111 59 277
98 52 53 111 216
99 67 121 38 226
100 38 99 85 222
101 73 42 45 160
102 123 63 40 226
103 48 79 93 220
104 63 38 50 151
105 55 86 90 231
106 59 20 69 148
107 40 86 104 230
108 40 100 88 228
109 108 102 64 274
110 97 43 76 216
111 98 101 58 257
112 66 84 67 217
113 83 144 81 308
114 34 36 62 132
115 63 72 93 228
116 79 110 22 211
117 149 37 103 289
118 64 47 83 194
119 31 56 81 168
120 74 109 55 238
121 119 68 129 316
122 69 91 100 260
123 69 76 71 216
124 69 95 142 306
125 79 56 40 175
126 69 82 37 188
127 80 90 83 253
128 -6 140 52 186
129 52 85 80 217
130 115 68 68 251
131 28 48 77 153
132 73 72 66 211
133 106 69 80 255
134 73 95 80 248
135 94 64 83 241
136 87 69 68 224
137 21 111 76 208
138 110 89 80 279
139 82 93 131 306
140 85 62 80 227
141 93 41 88 222
142 77 98 91 266
143 80 86 33 199
144 58 83 104 245
145 129 58 67 254
146 84 133 92 309
147 75 73 87 235
148 44 45 62 151
149 32 26 42 100
150 62 25 47 134
151 67 57 70 194
152 30 84 83 197
153 79 50 57 186
154 82 114 66 262
155 59 73 60 192
156 88 77 64 229
157 116 68 62 246
158 63 67 50 180
159 71 83 84 238
160 60 44 106 210
161 26 159 55 240
162 54 84 89 227
163 78 92 91 261
164 89 54 101 244
165 105 76 68 249
166 56 73 67 196
167 88 106 79 273
168 71 73 94 238
169 88 76 102 266
170 76 78 97 251
171 53 122 117 292
172 54 83 55 192
173 78 111 97 286
174 105 65 98 268
175 69 90 89 248
176 81 59 63 203
177 49 37 40 126
178 78 78 101 257
179 94 65 107 266
180 92 73 123 288
181 69 73 87 229
182 73 68 78 219
183 91 78 29 198
184 90 74 59 223
185 96 48 103 247
186 96 39 106 241
187 75 97 91 263
188 87 78 62 227
189 67 47 32 146
190 104 73 74 251
191 44 58 59 161
192 102 103 71 276
193 88 40 104 232
194 92 37 146 275
195 112 92 143 347
196 98 65 101 264
197 111 72 73 256
198 52 58 84 194
199 89 69 3 161
200 72 88 109 269
201 55 88 56 199
202 100 74 69 243
203 88 117 80 285
204 81 49 60 190
205 58 59 61 178
206 112 41 81 234
207 58 71 56 185
208 105 59 81 245
209 84 93 6 183
210 96 49 76 221
211 68 33 67 168
212 100 114 122 336
213 103 85 45 233
214 69 114 69 252
215 65 81 39 185
216 64 113 129 306
217 91 61 93 245
218 69 98 77 244
219 34 55 116 205
220 119 70 77 266
221 57 65 94 216
222 96 84 104 284
223 91 90 81 262
224 123 78 65 266
225 82 37 72 191
226 90 61 43 194
227 52 63 73 188
228 75 46 126 247
229 63 111 57 231
230 45 112 65 222
231 105 68 49 222
232 92 83 80 255
233 63 75 48 186
234 50 83 49 182
235 75 50 139 264
236 71 49 54 174
237 58 46 97 201
238 69 70 111 250
239 92 71 116 279
240 73 105 45 223
241 53 100 85 238
242 75 0 70 145
243 80 38 76 194
244 58 49 102 209
245 82 54 108 244
246 58 104 59 221
247 41 95 73 209
248 91 38 116 245
249 97 59 77 233
250 115 55 86 256
251 70 79 77 226
252 82 87 82 251
253 88 73 76 237
254 57 88 74 219
255 72 86 65 223
256 42 80 47 169
257 36 89 92 217
258 107 56 36 199
259 66 49 135 250
260 70 109 72 251
261 112 52 92 256
262 83 84 98 265
263 80 95 65 240
264 64 46 67 177
265 60 96 60 216
266 91 69 109 269
267 89 122 104 315
268 92 60 65 217
269 85 66 104 255
270 76 95 85 256
271 75 67 84 226
272 31 91 71 193
273 55 90 52 197
274 119 58 73 250
275 97 136 59 292
276 46 43 79 168
277 61 70 104 235
278 96 73 83 252
279 132 68 70 270
280 27 107 56 190
281 62 89 78 229
282 50 49 86 185
283 71 98 85 254
284 14 52 65 131
285 83 61 87 231
286 80 87 72 239
287 89 52 66 207
288 56 72 117 245
289 34 106 65 205
290 106 51 71 228
291 58 56 54 168
292 30 42 37 109
293 77 86 98 261
294 67 73 79 219
295 89 72 68 229
296 68 46 40 154
297 89 82 83 254
298 115 58 98 271
299 117 101 89 307
300 80 8 41 129
301 35 101 98 234
302 63 52 43 158
303 79 139 37 255
304 57 60 50 167
305 67 69 75 211
306 87 30 98 215
307 71 51 64 186
308 71 82 99 252
309 128 116 44 288
310 36 63 76 175
311 105 66 82 253
312 77 79 54 210
313 61 85 66 212
314 51 12 86 149
315 38 88 95 221
316 89 36 105 230
317 95 93 68 256
318 107 76 97 280
319 92 42 126 260
320 110 88 82 280
321 90 65 80 235
322 72 -2 52 122
323 16 71 133 220
324 122 67 23 212
325 77 31 80 188
326 89 105 71 265
327 58 62 58 178
328 106 53 64 223
329 95 69 66 230
330 99 81 81 261
331 141 68 79 288
332 78 58 78 214
333 79 69 93 241
334 51 73 49 173
335 32 71 109 212
336 97 73 54 224
337 26 17 79 122
338 54 46 52 152
339 34 125 85 244
340 72 50 52 174
341 51 48 79 178
342 71 86 61 218
343 76 79 129 284
344 118 44 92 254
345 63 82 77 222
346 11 100 49 160
347 98 99 95 292
348 96 54 82 232
349 83 67 98 248
350 77 76 47 200
351 104 61 91 256
352 88 78 87 253
353 65 82 55 202
354 38 83 70 191
355 70 68 46 184
356 54 98 62 214
357 49 70 68 187
358 96 70 105 271
359 56 101 40 197
360 50 100 49 199
361 59 85 47 191
362 31 58 135 224
363 86 66 106 258
364 121 108 19 248
365 115 87 96 298
366 48 94 79 221
367 79 47 106 232
368 79 110 36 225
369 102 77 48 227
370 73 66 75 214
371 25 141 53 219
372 65 66 75 206
373 47 81 34 162
374 94 63 77 234
375 105 80 91 276
376 83 90 71 244
377 84 57 82 223
378 29 54 55 138
379 89 52 41 182
380 60 92 67 219
381 67 58 92 217
382 91 84 90 265
383 93 73 84 250
384 47 31 57 135
385 103 106 63 272
386 83 74 138 295
387 75 54 84 213
388 67 94 75 236
389 86 134 95 315
390 67 78 84 229
391 52 112 28 192
392 42 97 42 181
393 90 81 124 295
394 94 114 122 330
395 102 80 93 275
396 66 130 58 254
397 107 55 68 230
398 113 51 106 270
399 112 61 67 240
400 110 46 23 179
401 72 80 47 199
402 48 36 75 159
403 67 31 87 185
404 84 71 148 303
405 101 73 95 269
406 96 34 70 200
407 61 47 23 131
408 118 38 44 200
409 94 70 59 223
410 54 41 78 173
411 53 63 72 188
412 61 99 62 222
413 38 36 71 145
414 54 88 129 271
415 87 78 94 259
416 67 66 63 196
417 65 97 72 234
418 64 111 98 273
419 61 88 77 226
420 65 80 101 246
421 67 57 103 227
422 111 65 66 242
423 37 42 65 144
424 64 82 97 243
425 24 86 73 183
426 72 46 37 155
427 106 74 57 237
428 85 128 104 317
429 47 35 116 198
430 59 28 105 192
431 86 58 95 239
432 88 74 71 233
433 84 47 125 256
434 85 38 84 207
435 82 75 70 227
436 110 95 97 302
437 90 85 54 229
438 121 33 70 224
439 133 87 100 320
440 50 43 46 139
441 71 86 60 217
442 34 109 74 217
443 49 61 81 191
444 107 85 57 249
445 82 85 49 216
446 72 68 68 208
447 81 121 72 274
448 78 76 65 219
449 121 62 63 246
450 99 60 43 202
451 28 70 50 148
452 70 79 68 217
453 109 156 73 338
454 101 111 96 308
455 51 114 102 267
456 108 98 86 292
457 76 30 112 218
458 123 35 41 199
459 41 76 78 195
460 86 77 34 197
461 84 74 30 188
462 91 71 109 271
463 126 59 71 256
464 68 100 95 263
465 79 100 82 261
466 63 74 85 222
467 99 65 39 203
468 11 49 89 149
469 19 53 69 141
470 68 78 135 281
471 84 86 78 248
472 100 62 112 274
473 78 101 90 269
474 58 85 128 271
475 55 66 110 231
476 51 82 87 220
477 81 141 77 299
478 87 106 138 331
479 52 50 93 195
480 42 96 54 192
481 72 92 73 237
482 60 99 57 216
483 57 66 51 174
484 44 102 81 227
485 73 86 73 232
486 41 30 104 175
487 44 100 98 242
488 46 69 49 164
489 58 96 82 236
490 67 76 61 204
491 109 65 86 260
492 68 52 73 193
493 77 88 26 191
494 74 120 100 294
495 51 32 80 163
496 67 78 110 255
497 65 42 112 219
498 64 55 30 149
499 96 32 112 240
500 95 90 76 261
