1069 124 157 110 391
3968 109 132 137 378
3080 117 116 139 372
2472 152 79 137 368
3220 148 103 117 368
2538 131 121 105 357
2802 106 125 125 356
1605 104 140 112 356
4425 114 138 103 355
3621 102 108 139 349
2721 104 96 148 348
1614 107 119 117 343
1790 106 104 131 341
758 140 138 62 340
2304 109 96 135 340
810 77 136 126 339
4759 108 136 94 338
4989 128 100 109 337
982 126 119 92 337
245 169 72 94 335
3085 122 129 84 335
2595 111 88 136 335
913 151 93 90 334
4877 125 104 105 334
3852 112 96 126 334
3711 107 110 117 334
2817 87 110 137 334
3809 131 90 112 333
3082 118 111 104 333
3649 140 142 50 332
3419 126 100 106 332
2734 112 107 113 332
3656 98 150 84 332
1266 94 142 96 332
124 120 88 123 331
838 98 92 141 331
55 140 123 66 329
1462 118 72 139 329
455 114 119 96 329
1027 105 102 122 329
138 97 107 125 329
1988 128 121 79 328
2558 108 82 138 328
2533 76 115 137 328
3049 118 94 115 327
791 97 79 151 327
1836 113 78 135 326
1665 107 118 100 325
1183 101 111 113 325
4765 131 112 81 324
4059 106 110 108 324
2225 105 98 121 324
4498 71 129 124 324
4628 130 105 88 323
3571 129 93 101 323
2106 125 106 92 323
2357 110 109 104 323
3198 78 128 117 323
2838 62 121 140 323
3405 59 135 129 323
4049 125 105 92 322
3823 114 106 102 322
4118 111 99 112 322
4234 109 134 79 322
2552 135 98 88 321
4793 94 107 120 321
1823 103 138 79 320
3499 156 63 100 319
104 110 100 109 319
3346 62 89 168 319
2799 142 96 80 318
378 132 117 69 318
2117 113 96 109 318
3605 93 117 108 318
2572 89 146 83 318
2017 87 112 119 318
4512 129 102 86 317
2272 117 121 79 317
917 112 126 79 317
3898 94 126 97 317
1619 47 116 154 317
2556 102 116 98 316
3097 64 137 115 316
77 57 112 147 316
1853 120 104 91 315
385 115 110 90 315
4155 110 128 77 315
4884 105 70 140 315
2550 100 120 95 315
4253 100 90 125 315
3103 88 105 122 315
4725 72 108 135 315
536 125 104 85 314
1387 118 91 105 314
1450 116 105 93 314
2834 108 80 126 314
964 107 113 94 314
3877 105 94 115 314
1022 103 82 129 314
4355 92 154 68 314
721 91 104 119 314
4241 65 150 99 314
2186 135 78 100 313
4377 108 108 97 313
1191 49 133 131 313
2465 136 99 77 312
348 124 89 99 312
822 91 107 114 312
168 86 87 139 312
695 63 140 109 312
1980 109 128 74 311
3993 108 89 114 311
389 103 115 93 311
3012 92 127 92 311
845 88 94 129 311
2525 84 106 121 311
1059 63 135 113 311
4387 128 95 87 310
2293 124 101 85 310
4735 117 89 104 310
4146 117 52 141 310
3777 95 142 73 310
3185 94 97 119 310
3552 84 127 99 310
2313 75 113 122 310
3814 125 114 70 309
1780 109 58 142 309
2870 106 89 114 309
2770 103 119 87 309
2413 97 157 55 309
3881 86 125 98 309
1000 86 84 139 309
1512 119 100 89 308
3018 115 108 85 308
397 114 131 63 308
2723 109 111 88 308
3384 95 113 100 308
784 79 93 136 308
4033 109 93 105 307
2483 70 108 129 307
646 109 109 88 306
3004 107 114 85 306
2989 104 122 80 306
2783 99 86 121 306
3442 93 103 110 306
323 92 117 97 306
4591 87 111 108 306
3575 83 98 125 306
2191 77 138 91 306
3975 72 122 112 306
4124 101 113 91 305
3257 98 97 110 305
2419 88 101 116 305
4808 124 111 69 304
3890 115 104 85 304
355 114 71 119 304
2597 100 71 133 304
516 99 116 89 304
3681 95 113 96 304
4517 93 95 116 304
4580 79 123 102 304
3183 70 128 106 304
1105 68 119 117 304
4731 129 91 83 303
2085 119 88 96 303
593 118 85 100 303
857 108 115 80 303
750 107 100 96 303
1091 101 109 93 303
4467 92 118 93 303
3639 92 116 95 303
33 85 136 82 303
290 69 139 95 303
1357 137 58 107 302
3692 104 75 123 302
3435 97 101 104 302
3471 96 101 105 302
2632 88 114 100 302
1519 85 122 95 302
21 73 125 104 302
4686 71 113 118 302
3497 59 103 140 302
891 142 90 69 301
4642 131 111 59 301
3213 123 101 77 301
910 117 99 85 301
1510 114 109 78 301
4219 111 126 64 301
4837 110 96 95 301
2679 106 103 92 301
4472 102 112 87 301
59 91 109 101 301
1422 67 137 97 301
2404 131 88 81 300
184 129 104 67 300
2668 111 73 116 300
4331 108 73 119 300
1207 107 116 77 300
1218 98 98 104 300
919 94 130 76 300
1714 89 104 107 300
1329 82 138 80 300
3764 81 110 109 300
869 79 80 141 300
4421 76 106 118 300
4949 111 109 79 299
2422 109 107 83 299
2971 100 114 85 299
4838 94 88 117 299
2349 89 125 85 299
3492 89 86 124 299
628 89 73 137 299
3159 74 154 71 299
3560 68 135 96 299
4473 115 96 87 298
2773 115 82 101 298
3673 108 133 57 298
1353 99 72 127 298
3054 89 126 83 298
2879 89 85 124 298
4647 76 134 88 298
119 66 95 137 298
694 130 88 79 297
3527 117 87 93 297
3341 115 108 74 297
4565 100 105 92 297
957 96 101 100 297
4441 90 93 114 297
2993 76 94 127 297
1702 69 104 124 297
3164 132 98 66 296
4747 122 70 104 296
1347 115 105 76 296
3472 113 84 99 296
2923 108 74 114 296
4308 105 93 98 296
3144 99 106 91 296
675 96 96 104 296
3139 91 109 96 296
134 88 115 93 296
3120 88 96 112 296
3232 80 107 109 296
2586 144 73 78 295
3121 142 56 97 295
3908 131 83 81 295
98 127 86 82 295
269 101 114 80 295
4345 101 71 123 295
4825 98 110 87 295
79 97 77 121 295
47 90 127 78 295
4546 90 106 99 295
1398 89 121 85 295
4941 84 119 92 295
4719 45 131 119 295
2120 127 80 87 294
973 97 129 68 294
1763 94 111 89 294
633 88 117 89 294
4910 80 99 115 294
1987 75 123 96 294
3155 67 98 129 294
2052 51 135 108 294
3494 115 71 107 293
521 103 86 104 293
1791 97 106 90 293
66 94 109 90 293
2249 88 125 80 293
266 86 110 97 293
169 68 145 80 293
2049 68 94 131 293
3769 61 109 123 293
3576 141 88 63 292
4614 123 56 113 292
2545 122 94 76 292
4233 117 92 83 292
2283 111 96 85 292
4436 106 99 87 292
989 101 90 101 292
768 95 82 115 292
1041 95 75 122 292
3362 93 100 99 292
328 90 82 120 292
2140 88 129 75 292
3819 87 117 88 292
598 86 127 79 292
2201 82 114 96 292
2385 82 100 110 292
1540 73 127 92 292
4991 73 103 116 292
608 68 102 122 292
4639 130 76 85 291
4227 117 83 91 291
3154 110 81 100 291
4494 110 78 103 291
1682 106 126 59 291
2109 104 67 120 291
1856 97 119 75 291
2338 97 115 79 291
773 94 82 115 291
461 89 104 98 291
2664 87 113 91 291
3247 87 66 138 291
3057 83 100 108 291
149 77 86 128 291
990 76 94 121 291
3424 63 124 104 291
1513 146 116 28 290
152 141 73 76 290
2972 127 114 49 290
1248 124 106 60 290
3934 113 83 94 290
2321 112 79 99 290
2281 110 49 131 290
3660 102 85 103 290
1542 100 100 90 290
2928 99 99 92 290
375 94 115 81 290
3473 94 92 104 290
2262 91 99 100 290
3236 89 133 68 290
261 84 87 119 290
915 79 123 88 290
194 54 109 127 290
4521 53 107 130 290
3507 46 122 122 290
3742 127 87 75 289
2045 125 70 94 289
388 113 127 49 289
498 111 81 97 289
4866 110 86 93 289
4170 108 100 81 289
1695 108 74 107 289
50 107 98 84 289
2308 105 105 79 289
2219 103 113 73 289
1826 99 58 132 289
3388 96 72 121 289
2087 93 90 106 289
3578 88 87 114 289
2769 79 107 103 289
2398 69 112 108 289
609 67 105 117 289
689 58 102 129 289
3132 135 58 95 288
4988 125 74 89 288
1013 122 93 73 288
4867 120 66 102 288
4786 106 98 84 288
817 106 91 91 288
91 105 113 70 288
2735 104 79 105 288
2098 100 81 107 288
1811 99 91 98 288
1839 92 109 87 288
1686 90 116 82 288
2671 90 82 116 288
4640 82 120 86 288
4606 81 112 95 288
4842 79 72 137 288
4434 78 123 87 288
2969 77 119 92 288
3701 77 115 96 288
3807 76 131 81 288
4216 76 100 112 288
2437 74 105 109 288
1990 69 128 91 288
533 66 124 98 288
3067 58 118 112 288
2708 123 87 77 287
1400 118 68 101 287
37 118 58 111 287
489 116 91 80 287
3654 114 76 97 287
2952 106 84 97 287
4981 97 103 87 287
1199 97 95 95 287
3072 95 81 111 287
1088 88 98 101 287
3254 84 56 147 287
3321 83 89 115 287
3873 80 128 79 287
460 74 101 112 287
4469 71 105 111 287
1396 70 103 114 287
1367 129 77 80 286
490 123 119 44 286
2511 123 68 95 286
4292 113 92 81 286
1319 107 83 96 286
584 107 82 97 286
4323 95 79 112 286
3609 92 97 97 286
969 88 98 100 286
3043 85 81 120 286
971 75 124 87 286
162 74 90 122 286
3797 73 100 113 286
3347 69 124 93 286
1253 69 93 124 286
4386 66 130 90 286
3006 66 103 117 286
1262 60 136 90 286
2171 60 130 96 286
4840 59 115 112 286
1668 157 70 58 285
1903 153 73 59 285
2129 117 74 94 285
2046 114 64 107 285
2584 109 67 109 285
2639 97 92 96 285
2901 94 104 87 285
774 93 91 101 285
3909 92 85 108 285
614 89 98 98 285
2784 84 129 72 285
4299 79 90 116 285
4920 74 101 110 285
3008 73 101 111 285
2417 72 114 99 285
1229 71 143 71 285
1495 68 111 106 285
3573 58 127 100 285
1433 29 105 151 285
4165 142 58 84 284
2614 122 63 99 284
3282 121 70 93 284
4374 118 101 65 284
1962 117 53 114 284
3234 110 69 105 284
4107 109 92 83 284
4381 109 54 121 284
551 108 76 100 284
2690 104 95 85 284
1933 102 94 88 284
1529 98 112 74 284
1373 98 107 79 284
3489 94 75 115 284
567 85 125 74 284
3613 85 108 91 284
4505 82 95 107 284
1700 82 88 114 284
2962 79 116 89 284
871 79 73 132 284
1855 76 103 105 284
1878 62 115 107 284
3938 59 102 123 284
3423 46 132 106 284
43 126 76 81 283
1929 115 94 74 283
1424 114 107 62 283
7 109 101 73 283
4307 102 93 88 283
3801 99 69 115 283
1585 96 85 102 283
2316 93 112 78 283
747 93 108 82 283
2637 91 70 122 283
1451 90 83 110 283
515 87 94 102 283
3059 84 100 99 283
4187 83 88 112 283
2116 82 114 87 283
3981 80 97 106 283
3453 74 98 111 283
1475 60 95 128 283
1001 131 93 58 282
2984 124 90 68 282
2580 121 40 121 282
4470 117 94 71 282
3684 116 75 91 282
1325 113 80 89 282
2238 109 103 70 282
4578 107 86 89 282
507 105 106 71 282
4339 102 100 80 282
1267 101 95 86 282
3402 98 102 82 282
2629 92 74 116 282
4585 79 109 94 282
336 71 98 113 282
340 60 94 128 282
713 111 58 112 281
2164 103 65 113 281
625 99 108 74 281
2925 98 102 81 281
302 95 106 80 281
1867 95 99 87 281
2453 95 64 122 281
4326 92 80 109 281
4688 90 94 97 281
3111 86 112 83 281
569 86 64 131 281
3178 84 102 95 281
3150 80 117 84 281
1493 77 130 74 281
4370 73 117 91 281
3338 132 82 66 280
3055 131 66 83 280
4948 128 77 75 280
3712 122 122 36 280
1684 121 70 89 280
4110 119 83 78 280
1973 119 78 83 280
2217 118 62 100 280
53 116 96 68 280
3618 110 94 76 280
3888 108 84 88 280
2625 108 75 97 280
4557 104 65 111 280
3515 102 82 96 280
3115 101 104 75 280
1778 96 108 76 280
4559 92 82 106 280
379 86 108 86 280
4907 83 90 107 280
4826 79 105 96 280
2347 75 122 83 280
2333 65 84 131 280
1736 59 115 106 280
2451 115 95 69 279
3680 114 84 81 279
574 104 101 74 279
1680 104 97 78 279
565 103 87 89 279
4938 102 71 106 279
3317 100 107 72 279
1868 98 87 94 279
2221 98 82 99 279
940 97 60 122 279
2059 96 85 98 279
698 92 76 111 279
3943 91 94 94 279
1589 89 66 124 279
1677 86 124 69 279
4200 86 103 90 279
797 74 103 102 279
1596 68 120 91 279
579 120 33 125 278
4264 119 105 54 278
4084 117 94 67 278
2659 114 67 97 278
4935 107 53 118 278
2655 104 84 90 278
3114 101 104 73 278
529 100 89 89 278
3598 100 77 101 278
314 97 93 88 278
3787 96 97 85 278
4547 95 120 63 278
4018 92 101 85 278
1568 91 108 79 278
2642 89 74 115 278
3735 88 93 97 278
3263 87 90 101 278
4379 87 83 108 278
930 86 130 62 278
4098 85 87 106 278
3987 84 107 87 278
2200 82 91 105 278
4133 81 100 97 278
3837 75 116 87 278
1370 71 96 111 278
228 71 87 120 278
407 70 95 113 278
3119 69 133 76 278
1066 66 101 111 278
580 64 109 105 278
3289 56 124 98 278
4446 122 95 60 277
4887 114 80 83 277
1179 112 43 122 277
4830 111 67 99 277
651 108 103 66 277
4800 104 64 109 277
308 101 71 105 277
4280 95 95 87 277
1866 86 138 53 277
4428 85 95 97 277
246 81 121 75 277
1660 81 115 81 277
106 79 73 125 277
2069 113 81 82 276
3921 110 112 54 276
658 110 103 63 276
316 110 96 70 276
927 107 77 92 276
883 104 88 84 276
2567 100 82 94 276
67 98 123 55 276
2653 98 82 96 276
4502 96 74 106 276
4060 94 77 105 276
2421 92 57 127 276
4590 86 108 82 276
522 84 89 103 276
1911 78 111 87 276
3410 69 74 133 276
672 134 48 93 275
1306 130 68 77 275
1688 127 76 72 275
530 123 62 90 275
1032 119 89 67 275
4037 116 73 86 275
3775 110 74 91 275
4368 108 86 81 275
347 108 79 88 275
732 108 70 97 275
4750 105 130 40 275
4622 101 102 72 275
453 99 90 86 275
3637 98 127 50 275
4930 97 85 93 275
4066 96 104 75 275
4191 92 117 66 275
4904 91 139 45 275
3794 91 106 78 275
4912 91 76 108 275
506 90 104 81 275
315 86 115 74 275
128 86 106 83 275
2808 86 98 91 275
3391 84 67 124 275
1250 82 109 84 275
1937 82 108 85 275
4346 78 78 119 275
3596 77 73 125 275
456 72 83 120 275
3830 70 113 92 275
2609 70 89 116 275
4619 45 123 107 275
22 128 76 70 274
956 128 47 99 274
3003 122 63 89 274
4683 120 67 87 274
547 118 71 85 274
3665 112 80 82 274
3788 103 74 97 274
410 96 94 84 274
255 94 106 74 274
3901 90 92 92 274
1026 89 89 96 274
3721 82 98 94 274
3131 81 72 121 274
2528 79 97 98 274
2908 76 119 79 274
812 76 119 79 274
3208 76 115 83 274
1913 76 89 109 274
3212 75 107 92 274
2573 75 93 106 274
4829 74 141 59 274
3535 67 127 80 274
3310 66 99 109 274
2927 59 106 109 274
1730 48 118 108 274
4777 120 74 79 273
4337 119 62 92 273
2871 113 91 69 273
2571 109 89 75 273
525 106 81 86 273
4009 106 71 96 273
868 105 90 78 273
4380 105 66 102 273
1327 101 68 104 273
514 99 59 115 273
1292 97 120 56 273
4836 95 82 96 273
1116 93 92 88 273
1466 87 113 73 273
766 85 65 123 273
3875 84 90 99 273
2605 83 98 92 273
4373 80 74 119 273
1932 75 83 115 273
473 73 123 77 273
3963 62 114 97 273
3190 58 102 113 273
1299 146 96 30 272
4635 119 82 71 272
3723 115 108 49 272
1833 112 106 54 272
4710 107 83 82 272
3876 104 80 88 272
3878 103 107 62 272
23 98 97 77 272
4296 98 91 83 272
3671 96 106 70 272
2161 96 89 87 272
4111 96 60 116 272
1418 92 83 97 272
2607 89 119 64 272
3174 87 74 111 272
3862 85 62 125 272
2476 83 67 122 272
4352 78 99 95 272
4013 75 114 83 272
1732 75 93 104 272
3297 74 90 108 272
3822 71 93 108 272
3230 65 94 113 272
354 62 136 74 272
3889 52 119 101 272
2165 48 116 108 272
829 137 44 90 271
1738 131 73 67 271
1084 115 83 73 271
283 111 83 77 271
853 107 73 91 271
4327 103 78 90 271
1745 100 113 58 271
2489 100 80 91 271
998 94 90 87 271
1692 94 82 95 271
4998 92 78 101 271
4353 91 98 82 271
4075 91 73 107 271
4197 91 64 116 271
856 89 117 65 271
2076 88 79 104 271
4781 86 83 102 271
978 85 115 71 271
2080 84 109 78 271
4225 78 128 65 271
4001 77 92 102 271
2130 75 84 112 271
2768 73 94 104 271
2510 72 94 105 271
748 68 122 81 271
906 67 81 123 271
244 59 99 113 271
3949 59 94 118 271
2780 138 74 58 270
528 130 72 68 270
4796 116 111 43 270
63 104 76 90 270
3678 98 89 83 270
564 97 94 79 270
82 92 78 100 270
4276 88 87 95 270
2725 88 46 136 270
3894 87 64 119 270
2765 84 80 106 270
4068 82 102 86 270
295 79 113 78 270
3910 78 124 68 270
4102 78 102 90 270
135 70 94 106 270
2604 67 101 102 270
1556 66 105 99 270
2503 64 73 133 270
566 60 98 112 270
2891 54 105 111 270
4699 125 67 77 269
372 123 38 108 269
3433 122 57 90 269
4166 121 68 80 269
2702 120 69 80 269
2193 119 67 83 269
4064 113 91 65 269
3816 110 76 83 269
2431 108 64 97 269
2582 104 98 67 269
2478 104 63 102 269
3631 101 83 85 269
3982 99 56 114 269
4177 98 89 82 269
2388 98 81 90 269
2020 97 69 103 269
4378 96 53 120 269
1178 94 101 74 269
3996 91 95 83 269
3925 89 99 81 269
2496 89 94 86 269
3195 89 81 99 269
292 88 85 96 269
3264 84 66 119 269
3918 83 109 77 269
4 83 87 99 269
3253 82 112 75 269
4764 81 74 114 269
1446 77 102 90 269
1025 76 109 84 269
804 76 76 117 269
2974 72 126 71 269
3745 65 121 83 269
2665 63 108 98 269
3448 61 85 123 269
2471 54 143 72 269
798 52 101 116 269
4600 129 109 30 268
2135 129 85 54 268
3983 128 66 74 268
3411 118 84 66 268
4172 116 64 88 268
3260 115 70 83 268
2197 114 51 103 268
78 112 84 72 268
1993 110 93 65 268
621 103 87 78 268
3610 103 86 79 268
3467 103 77 88 268
4040 103 61 104 268
3066 98 107 63 268
352 96 106 66 268
3557 95 82 91 268
1454 92 95 81 268
642 90 72 106 268
1892 86 90 92 268
2717 83 120 65 268
380 82 86 100 268
1720 81 92 95 268
3675 79 68 121 268
3157 77 87 104 268
3537 76 118 74 268
1438 64 111 93 268
2860 64 94 110 268
1392 64 79 125 268
1072 62 113 93 268
4879 58 98 112 268
1609 56 80 132 268
3716 53 80 135 268
3725 29 94 145 268
2353 128 79 60 267
4878 123 48 96 267
4716 122 85 60 267
2337 110 103 54 267
4664 107 42 118 267
2414 104 98 65 267
2917 99 112 56 267
2432 98 61 108 267
1783 96 58 113 267
2126 94 118 55 267
2634 93 136 38 267
1278 90 103 74 267
270 88 98 81 267
4509 87 65 115 267
107 82 68 117 267
4091 81 70 116 267
2459 79 93 95 267
4151 76 99 92 267
1390 71 122 74 267
1467 71 101 95 267
2995 70 97 100 267
1844 69 92 106 267
1765 68 123 76 267
4851 68 89 110 267
2575 60 94 113 267
3214 54 86 127 267
3859 114 82 70 266
2518 111 93 62 266
3708 104 88 74 266
4119 101 109 56 266
866 100 73 93 266
1473 99 62 105 266
3179 97 79 90 266
4987 89 77 100 266
444 88 87 91 266
3482 87 110 69 266
3107 87 60 119 266
1464 85 89 92 266
2524 85 83 98 266
1806 85 81 100 266
4343 84 105 77 266
495 77 130 59 266
2498 75 121 70 266
882 74 99 93 266
284 73 102 91 266
497 69 115 82 266
1076 66 81 119 266
2745 61 82 123 266
3520 60 102 104 266
2395 58 95 113 266
2342 45 136 85 266
1172 150 39 76 265
4722 143 88 34 265
581 126 59 80 265
3847 125 100 40 265
2152 114 96 55 265
259 113 48 104 265
3407 111 31 123 265
4180 110 51 104 265
310 103 79 83 265
4000 100 99 66 265
941 99 74 92 265
486 95 123 47 265
142 94 105 66 265
716 92 86 87 265
3162 92 83 90 265
3855 85 81 99 265
4089 74 101 90 265
3314 73 72 120 265
1779 73 70 122 265
1582 67 103 95 265
532 62 120 83 265
147 59 88 118 265
213 58 90 117 265
3694 56 102 107 265
272 38 147 80 265
669 136 71 57 264
933 133 65 66 264
1391 121 60 83 264
4602 112 105 47 264
3504 111 86 67 264
2739 107 74 83 264
3258 106 88 70 264
4097 106 51 107 264
4238 100 73 91 264
4754 100 54 110 264
1516 99 68 97 264
2314 98 83 83 264
994 98 77 89 264
1600 96 100 68 264
1838 95 71 98 264
722 93 92 79 264
1309 88 118 58 264
3135 88 80 96 264
2123 88 80 96 264
2521 86 82 96 264
1886 85 82 97 264
293 81 110 73 264
2300 81 88 95 264
668 76 118 70 264
2325 74 108 82 264
3017 73 76 115 264
4120 72 121 71 264
1175 71 110 83 264
3026 71 105 88 264
4903 66 100 98 264
1740 62 83 119 264
1140 61 75 128 264
4581 56 84 124 264
2086 43 116 105 264
4132 143 62 58 263
3205 137 84 42 263
3696 134 39 90 263
631 126 38 99 263
3676 124 95 44 263
3528 122 80 61 263
2654 116 52 95 263
1348 113 72 78 263
624 112 84 67 263
3128 108 85 70 263
2192 107 73 83 263
1984 106 73 84 263
2060 104 73 86 263
825 103 93 67 263
3640 102 92 69 263
2008 100 63 100 263
848 100 58 105 263
3099 97 107 59 263
279 95 90 78 263
980 91 57 115 263
1328 90 97 76 263
2894 89 74 100 263
2143 85 91 87 263
4034 85 70 108 263
2509 81 107 75 263
2673 81 69 113 263
4869 80 79 104 263
433 77 91 95 263
3106 75 109 79 263
2374 72 83 108 263
3770 71 104 88 263
1152 67 75 121 263
3266 64 118 81 263
462 63 99 101 263
2666 63 90 110 263
4338 61 127 75 263
1189 61 126 76 263
2750 61 122 80 263
1078 59 142 62 263
1834 47 108 108 263
3481 38 133 92 263
3037 32 124 107 263
2807 134 82 46 262
3734 134 66 62 262
1840 121 84 57 262
1813 116 76 70 262
424 112 44 106 262
4892 110 82 70 262
3078 106 76 80 262
4116 103 64 95 262
754 102 67 93 262
2847 101 76 85 262
4258 101 67 94 262
2966 100 90 72 262
2801 97 102 63 262
4880 95 65 102 262
1632 91 98 73 262
4159 89 66 107 262
2825 86 117 59 262
3109 86 88 88 262
4916 85 97 80 262
14 85 96 81 262
1198 85 85 92 262
2267 84 88 90 262
2214 84 61 117 262
4035 78 98 86 262
657 77 83 102 262
3989 76 101 85 262
1546 71 92 99 262
3432 68 122 72 262
1555 68 109 85 262
1202 67 85 110 262
1870 61 102 99 262
2182 61 89 112 262
35 60 107 95 262
51 57 91 114 262
452 57 86 119 262
4487 50 104 108 262
4055 49 104 109 262
2824 46 102 114 262
441 128 68 65 261
524 123 63 75 261
1541 110 58 93 261
2039 107 95 59 261
4412 102 75 84 261
4898 101 73 87 261
3319 101 67 93 261
1169 95 81 85 261
2317 93 98 70 261
1260 93 92 76 261
1925 93 84 84 261
1453 93 68 100 261
2693 93 59 109 261
2873 92 110 59 261
1441 92 101 68 261
1300 92 65 104 261
2588 90 62 109 261
2260 87 113 61 261
153 87 102 72 261
681 87 75 99 261
677 82 89 90 261
1579 78 77 106 261
2701 76 97 88 261
2210 75 97 89 261
3976 74 92 95 261
4484 74 88 99 261
2942 71 70 120 261
3988 71 64 126 261
544 67 105 89 261
1456 67 89 105 261
2016 65 127 69 261
2815 60 133 68 261
3686 126 68 66 260
400 118 64 78 260
4442 110 48 102 260
4822 103 96 61 260
2820 98 54 108 260
3275 94 78 88 260
1773 93 50 117 260
3832 92 82 86 260
2907 90 78 92 260
2488 87 95 78 260
3274 86 70 104 260
3184 84 103 73 260
3138 83 90 87 260
117 81 80 99 260
2032 80 98 82 260
808 74 73 113 260
201 74 54 132 260
2251 71 85 104 260
4315 66 75 119 260
2865 65 128 67 260
4799 64 103 93 260
702 62 89 109 260
1094 57 115 88 260
4504 53 113 94 260
394 47 118 95 260
801 47 75 138 260
2142 124 78 57 259
4366 117 98 44 259
2147 116 76 67 259
1481 106 68 85 259
84 105 110 44 259
3978 104 97 58 259
655 103 71 85 259
1601 103 62 94 259
3112 102 79 78 259
3498 102 53 104 259
4583 101 91 67 259
2474 98 128 33 259
503 97 121 41 259
4284 97 79 83 259
3372 94 101 64 259
4511 88 106 65 259
607 87 96 76 259
2403 85 86 88 259
2423 85 79 95 259
4711 84 70 105 259
4625 76 112 71 259
3709 76 91 92 259
1648 75 79 105 259
1651 69 94 96 259
1689 65 64 130 259
780 64 111 84 259
1639 62 88 109 259
4965 55 117 87 259
1419 53 72 134 259
3311 43 87 129 259
1583 29 102 128 259
1916 129 84 45 258
2208 127 32 99 258
1005 122 60 76 258
692 119 46 93 258
3650 113 93 52 258
922 111 89 58 258
4036 110 131 17 258
3699 105 93 60 258
809 102 79 77 258
2507 101 70 87 258
4695 99 69 90 258
1713 95 81 82 258
2856 95 57 106 258
687 93 101 64 258
1631 91 88 79 258
778 91 69 98 258
81 88 60 110 258
2760 86 49 123 258
686 84 83 91 258
345 83 75 100 258
4787 82 99 77 258
331 82 99 77 258
1220 81 53 124 258
3456 80 74 104 258
2814 78 87 93 258
317 77 123 58 258
2115 77 91 90 258
1067 76 88 94 258
1877 72 88 98 258
70 71 117 70 258
1132 68 105 85 258
4996 66 92 100 258
1946 65 111 82 258
260 61 95 102 258
4571 58 99 101 258
1608 56 91 111 258
4839 47 76 135 258
4978 46 124 88 258
2709 31 103 124 258
4657 129 35 93 257
1741 126 77 54 257
2519 122 66 69 257
640 120 74 63 257
1130 102 76 79 257
431 101 76 80 257
952 101 52 104 257
487 98 86 73 257
468 97 88 72 257
326 96 87 74 257
1184 95 55 107 257
3145 93 96 68 257
2256 93 88 76 257
4751 93 79 85 257
827 92 81 84 257
3040 91 85 81 257
3627 91 84 82 257
4450 91 58 108 257
4096 88 105 64 257
4630 85 86 86 257
12 85 83 89 257
4454 85 65 107 257
2479 84 90 83 257
374 84 67 106 257
1922 82 111 64 257
1287 82 90 85 257
3042 79 101 77 257
3522 79 100 78 257
3079 79 85 93 257
3340 78 93 86 257
1190 74 91 92 257
1045 71 92 94 257
4939 68 125 64 257
2836 68 94 95 257
4418 61 129 67 257
802 60 102 95 257
1905 58 109 90 257
3582 56 118 83 257
3674 51 92 114 257
3427 50 85 122 257
215 120 82 54 256
3534 119 64 73 256
1349 116 75 65 256
599 116 45 95 256
2042 109 53 94 256
1383 108 62 86 256
1615 107 85 64 256
2997 105 45 106 256
4810 104 87 65 256
2855 104 66 86 256
425 103 96 57 256
4592 98 87 71 256
1978 96 88 72 256
1102 96 85 75 256
2424 94 113 49 256
946 93 106 57 256
4117 91 97 68 256
2892 90 68 98 256
1953 88 88 80 256
3265 88 81 87 256
3657 87 102 67 256
1908 84 105 67 256
363 83 74 99 256
1827 82 116 58 256
3741 81 89 86 256
2754 79 80 97 256
2247 78 110 68 256
4422 76 87 93 256
4266 74 109 73 256
3206 73 105 78 256
4459 64 103 89 256
513 59 83 114 256
4985 56 92 108 256
1204 52 123 81 256
4046 49 82 125 256
3843 46 80 130 256
1533 122 89 44 255
3039 119 64 72 255
3592 116 117 22 255
4283 113 57 85 255
705 110 101 44 255
4681 107 88 60 255
2696 106 52 97 255
4031 105 94 56 255
796 103 106 46 255
1719 99 74 82 255
4539 99 69 87 255
3485 97 43 115 255
1397 94 67 94 255
1669 92 88 75 255
481 90 85 80 255
1461 89 92 74 255
2159 89 87 79 255
179 88 93 74 255
1629 86 109 60 255
2939 86 65 104 255
4143 85 97 73 255
4322 85 95 75 255
3421 85 93 77 255
470 85 85 85 255
2445 83 115 57 255
4405 81 45 129 255
2470 80 100 75 255
1534 80 87 88 255
4437 79 76 100 255
1849 76 117 62 255
3445 76 87 92 255
3636 76 78 101 255
2744 75 109 71 255
171 74 92 89 255
3151 73 89 93 255
4641 73 86 96 255
1361 71 95 89 255
3608 71 78 106 255
548 68 93 94 255
1597 67 111 77 255
1621 65 102 88 255
3192 65 54 136 255
3408 61 74 120 255
232 55 103 97 255
2843 52 100 103 255
4179 44 108 103 255
1509 42 105 108 255
1155 35 111 109 255
3426 120 64 70 254
3335 117 21 116 254
2095 115 58 81 254
2779 114 68 72 254
3687 111 96 47 254
1776 109 71 74 254
4588 107 33 114 254
4414 106 83 65 254
1942 106 70 78 254
887 106 47 101 254
4021 103 71 80 254
4207 94 106 54 254
1149 94 60 100 254
905 93 84 77 254
3353 90 57 107 254
3322 88 92 74 254
313 82 103 69 254
4161 82 78 94 254
2124 76 77 101 254
1236 75 106 73 254
2370 75 91 88 254
2298 74 104 76 254
3495 73 103 78 254
2066 72 112 70 254
1068 72 88 94 254
2932 70 66 118 254
1156 69 111 74 254
1928 69 98 87 254
2176 69 89 96 254
2827 69 77 108 254
2937 62 104 88 254
3600 57 105 92 254
4063 55 81 118 254
3840 52 110 92 254
3785 51 103 100 254
4608 51 101 102 254
218 48 83 123 254
4738 41 109 104 254
412 131 100 22 253
2559 130 73 50 253
3415 107 95 51 253
2088 107 77 69 253
496 104 90 59 253
600 104 49 100 253
2758 101 65 87 253
1527 100 101 52 253
52 100 92 61 253
4121 100 68 85 253
1161 98 121 34 253
3483 98 80 75 253
1052 97 64 92 253
2842 96 77 80 253
2063 94 93 66 253
4852 93 107 53 253
4052 92 75 86 253
1448 92 65 96 253
2166 91 61 101 253
8 89 89 75 253
2596 89 85 79 253
2746 89 72 92 253
3914 88 62 103 253
1269 87 53 113 253
3558 86 57 110 253
3203 84 90 79 253
926 84 90 79 253
34 83 91 79 253
1554 83 88 82 253
2394 82 77 94 253
2386 81 64 108 253
3156 80 84 89 253
4169 77 80 96 253
2194 76 89 88 253
3041 75 84 94 253
423 75 72 106 253
3389 73 112 68 253
1718 73 108 72 253
2681 71 84 98 253
349 68 86 99 253
101 68 71 114 253
3958 67 130 56 253
2396 67 107 79 253
2220 67 103 83 253
3849 59 85 109 253
3403 58 122 73 253
2125 57 114 82 253
2071 52 86 115 253
4309 28 116 109 253
961 28 113 112 253
2275 123 54 75 252
1570 120 100 32 252
1221 114 61 77 252
483 110 53 89 252
4923 105 72 75 252
157 101 88 63 252
3880 101 50 101 252
4407 96 66 90 252
398 94 61 97 252
3677 93 93 66 252
824 93 58 101 252
3726 92 81 79 252
343 92 74 86 252
3662 91 94 67 252
1587 84 64 104 252
3567 83 78 91 252
1223 81 88 83 252
3068 81 84 87 252
3850 81 76 95 252
2548 80 50 122 252
141 78 110 64 252
2279 78 64 110 252
975 74 80 98 252
4566 73 98 81 252
4675 73 93 86 252
3974 67 110 75 252
867 67 102 83 252
3142 67 82 103 252
2274 66 111 75 252
4863 63 55 134 252
3546 62 95 95 252
1647 61 88 103 252
1256 60 96 96 252
2058 58 83 111 252
2022 57 109 86 252
4078 50 130 72 252
447 39 116 97 252
3286 38 113 101 252
1065 33 96 123 252
617 31 95 126 252
2976 29 121 102 252
4491 123 100 28 251
239 121 57 73 251
428 111 55 85 251
3740 110 70 71 251
2309 109 34 108 251
1970 106 114 31 251
3710 103 73 75 251
1919 101 55 95 251
227 98 89 64 251
4485 95 83 73 251
250 94 89 68 251
644 93 88 70 251
3223 93 54 104 251
1678 92 104 55 251
667 90 84 77 251
2850 90 79 82 251
3706 90 73 88 251
632 89 73 89 251
4724 87 74 90 251
4753 86 95 70 251
2647 85 57 109 251
3760 84 97 70 251
4733 84 94 73 251
4293 80 71 100 251
143 80 66 105 251
4306 79 66 106 251
2295 77 53 121 251
500 75 99 77 251
4448 74 103 74 251
2975 74 97 80 251
3869 74 82 95 251
325 72 89 90 251
3136 71 103 77 251
1498 69 130 52 251
2876 66 87 98 251
4541 66 78 107 251
277 65 60 126 251
191 63 77 111 251
1500 56 108 87 251
198 52 105 94 251
1336 50 95 106 251
3334 49 113 89 251
2240 45 110 96 251
2897 131 63 56 250
1257 129 47 74 250
3459 111 89 50 250
200 104 114 32 250
923 102 60 88 250
914 98 60 92 250
755 96 82 72 250
3052 94 101 55 250
1211 91 70 89 250
739 87 90 73 250
4054 87 77 86 250
4186 87 73 90 250
439 84 129 37 250
3644 83 103 64 250
2964 83 89 78 250
1752 81 75 94 250
40 74 77 99 250
3130 72 79 99 250
4190 71 88 91 250
30 70 105 75 250
105 65 96 89 250
2774 64 105 81 250
1246 60 111 79 250
3370 60 89 101 250
3509 56 90 104 250
2715 53 128 69 250
1355 53 67 130 250
523 47 101 102 250
3390 46 91 113 250
3518 37 77 136 250
3622 33 119 98 250
1159 128 93 28 249
2598 126 86 37 249
512 126 49 74 249
2327 123 63 63 249
275 114 38 97 249
3398 110 89 50 249
3782 110 66 73 249
2515 108 68 73 249
3171 102 66 81 249
429 101 65 83 249
4051 100 87 62 249
2040 99 97 53 249
997 99 82 68 249
2306 98 75 76 249
4259 96 75 78 249
405 96 52 101 249
888 93 85 71 249
2005 92 94 63 249
1077 90 119 40 249
4673 86 74 89 249
4131 84 85 80 249
1004 80 103 66 249
3630 80 55 114 249
4925 78 91 80 249
3730 77 67 105 249
4071 77 57 115 249
3642 75 102 72 249
4183 75 74 100 249
945 72 95 82 249
4257 72 64 113 249
840 68 83 98 249
1673 65 108 76 249
2469 64 95 90 249
4618 54 123 72 249
1976 54 105 90 249
4232 53 74 122 249
4303 161 35 52 248
2762 113 74 61 248
4092 109 51 88 248
775 108 101 39 248
4658 108 73 67 248
999 103 87 58 248
1098 102 61 85 248
568 98 79 71 248
818 94 64 90 248
102 92 74 82 248
3643 92 72 84 248
575 91 110 47 248
3381 91 71 86 248
1181 91 57 100 248
1981 91 44 113 248
464 89 83 76 248
1586 88 38 122 248
181 87 95 66 248
2563 87 70 91 248
4156 85 50 113 248
217 84 69 95 248
960 82 73 93 248
2047 81 110 57 248
2844 81 85 82 248
1317 80 89 79 248
4382 80 78 90 248
1795 79 62 107 248
11 75 113 60 248
1727 74 89 85 248
1399 73 85 90 248
4115 67 86 95 248
2177 65 99 84 248
3307 63 91 94 248
2183 60 77 111 248
2301 58 111 79 248
185 58 93 97 248
1112 45 109 94 248
1564 40 113 95 248
4466 31 107 110 248
1749 127 81 39 247
814 125 75 47 247
1193 121 69 57 247
1696 115 60 72 247
2594 114 72 61 247
3027 107 61 79 247
1358 103 53 91 247
1008 101 72 74 247
1851 100 23 124 247
4555 99 73 75 247
1896 98 48 101 247
3038 95 88 64 247
3005 95 72 80 247
715 93 106 48 247
1425 93 102 52 247
136 91 75 81 247
2576 90 91 66 247
1796 90 70 87 247
183 89 107 51 247
1862 88 119 40 247
511 87 85 75 247
2652 84 78 85 247
3300 82 92 73 247
2915 82 71 94 247
2324 80 82 85 247
1304 80 70 97 247
2822 79 85 83 247
4093 78 63 106 247
948 77 97 73 247
3896 76 105 66 247
3668 76 80 91 247
3997 75 110 62 247
2053 73 114 60 247
4654 73 101 73 247
4210 73 86 88 247
4689 72 68 107 247
4791 70 105 72 247
1233 70 87 90 247
2332 68 93 86 247
1656 66 63 118 247
324 62 118 67 247
3064 61 104 82 247
659 60 119 68 247
2945 59 93 95 247
1158 59 91 97 247
2209 57 144 46 247
3328 56 118 73 247
3240 52 94 101 247
2547 52 91 104 247
2497 51 95 101 247
1537 121 58 67 246
3620 120 59 67 246
4976 112 75 59 246
596 110 71 65 246
3074 109 72 65 246
4616 109 30 107 246
3237 105 64 77 246
4515 103 91 52 246
1975 101 61 84 246
3302 98 96 52 246
2457 98 85 63 246
4362 97 107 42 246
3586 96 51 99 246
1222 94 67 85 246
1019 94 65 87 246
4532 94 51 101 246
4136 90 62 94 246
3510 87 37 122 246
2054 86 64 96 246
3125 86 62 98 246
1904 83 94 69 246
2866 83 91 72 246
114 83 71 92 246
2151 83 59 104 246
4835 82 90 74 246
438 82 81 83 246
458 81 76 89 246
1618 72 81 93 246
1146 70 95 81 246
1706 67 120 59 246
1592 65 112 69 246
3451 65 84 97 246
846 62 81 103 246
2903 59 107 80 246
4762 57 92 97 246
2420 42 91 113 246
2695 136 97 12 245
1989 111 54 80 245
789 104 52 89 245
1165 100 99 46 245
2631 100 63 82 245
2007 100 34 111 245
411 98 70 77 245
2956 96 47 102 245
1015 94 83 68 245
1935 94 49 102 245
1139 94 43 108 245
3177 92 86 67 245
2383 92 86 67 245
2880 89 126 30 245
510 84 93 68 245
3591 84 73 88 245
3269 84 69 92 245
1291 83 63 99 245
4853 82 87 76 245
3861 82 80 83 245
3434 82 75 88 245
3420 81 102 62 245
4586 81 74 90 245
1949 80 83 82 245
3773 79 81 85 245
2033 76 96 73 245
2999 76 63 106 245
2154 74 72 99 245
3113 74 65 106 245
306 73 76 96 245
2561 72 54 119 245
3757 71 77 97 245
2887 69 100 76 245
386 69 92 84 245
3199 66 94 85 245
769 61 105 79 245
2617 61 76 108 245
212 56 69 120 245
3137 54 96 95 245
2110 34 127 84 245
2577 27 99 119 245
3947 133 72 39 244
4413 133 53 58 244
1552 132 49 63 244
1767 131 67 46 244
3648 116 40 88 244
2979 109 101 34 244
4556 107 61 76 244
2553 107 54 83 244
4341 105 82 57 244
2706 100 70 74 244
4023 100 64 80 244
2367 97 83 64 244
333 97 49 98 244
1772 89 88 67 244
3053 88 72 84 244
4874 88 61 95 244
1580 88 60 96 244
4503 86 88 70 244
383 84 98 62 244
3000 83 121 40 244
1123 82 109 53 244
4871 82 81 81 244
2686 81 128 35 244
1985 80 79 85 244
1653 79 106 59 244
24 79 86 79 244
3812 77 91 76 244
299 76 89 79 244
3463 75 73 96 244
929 75 72 97 244
3572 73 112 59 244
3256 72 75 97 244
1378 71 99 74 244
2722 69 99 76 244
4365 67 121 56 244
309 65 77 102 244
1906 64 62 118 244
1003 53 84 107 244
4139 51 113 80 244
2790 36 94 114 244
746 118 86 39 243
4045 112 49 82 243
612 97 95 51 243
1954 96 47 100 243
1658 95 71 77 243
4020 93 79 71 243
2131 93 79 71 243
4780 90 77 76 243
3122 88 81 74 243
2644 87 62 94 243
2036 86 84 73 243
2635 84 95 64 243
2805 84 90 69 243
3912 84 82 77 243
1532 84 76 83 243
334 82 91 70 243
4819 82 85 76 243
4650 79 106 58 243
241 77 85 81 243
1961 75 58 110 243
3076 74 103 66 243
4990 69 69 105 243
509 68 83 92 243
3425 68 48 127 243
647 62 91 90 243
4394 62 78 103 243
4027 61 95 87 243
1968 60 92 91 243
1277 54 118 71 243
1808 51 76 116 243
4742 42 138 63 243
4496 37 108 98 243
25 128 57 57 242
3197 119 82 41 242
1080 115 55 72 242
2387 103 43 96 242
3318 100 94 48 242
3589 95 88 59 242
4188 94 78 70 242
965 91 72 79 242
1366 85 87 70 242
4270 84 92 66 242
864 84 70 88 242
3140 82 71 89 242
3895 82 61 99 242
3116 82 61 99 242
781 77 106 59 242
3457 77 76 89 242
3601 68 100 74 242
2303 68 80 94 242
3828 64 107 71 242
2259 63 82 97 242
3210 62 105 75 242
2682 62 78 102 242
1643 58 101 83 242
3356 58 94 90 242
2700 56 111 75 242
2392 43 107 92 242
177 117 60 64 241
1055 111 72 58 241
4395 104 67 70 241
4367 102 111 28 241
3831 100 59 82 241
56 99 86 56 241
4752 99 75 67 241
4921 97 95 49 241
1611 97 89 55 241
4604 97 63 81 241
1281 93 92 56 241
803 93 70 78 241
3360 90 96 55 241
4667 90 60 91 241
4802 86 90 65 241
1557 86 58 97 241
3409 83 101 57 241
4795 83 81 77 241
854 82 62 97 241
2025 81 93 67 241
1885 77 74 90 241
38 77 74 90 241
2626 76 102 63 241
229 75 89 77 241
321 71 96 74 241
3034 69 105 67 241
3738 67 113 61 241
1952 67 105 69 241
1884 62 89 90 241
1670 62 75 104 241
875 61 68 112 241
203 60 85 96 241
2551 57 68 116 241
3679 54 74 113 241
4994 44 95 102 241
4914 26 106 109 241
904 119 43 78 240
208 114 41 85 240
984 113 65 62 240
87 110 91 39 240
4792 110 70 60 240
1751 102 35 103 240
4908 100 115 25 240
2821 100 73 67 240
1737 99 67 74 240
3597 98 51 91 240
1888 96 74 70 240
3100 95 77 68 240
1081 95 46 99 240
339 91 75 74 240
3431 90 70 80 240
3458 88 109 43 240
3299 85 68 87 240
4529 84 60 96 240
4388 83 82 75 240
3215 82 88 70 240
3856 81 63 96 240
4905 81 59 100 240
3285 80 89 71 240
3166 78 76 86 240
4698 77 74 89 240
3028 76 119 45 240
4114 74 82 84 240
837 71 115 54 240
2439 70 109 61 240
4645 69 57 114 240
4672 66 82 92 240
3646 65 76 99 240
3071 61 89 90 240
2967 59 111 70 240
2297 53 99 88 240
3585 53 91 96 240
3986 49 124 67 240
1846 46 111 83 240
2041 38 102 100 240
3168 122 67 50 239
4701 117 92 30 239
4568 116 59 64 239
2943 114 54 71 239
4392 104 64 71 239
2021 104 60 75 239
1020 102 85 52 239
2526 102 51 86 239
3348 97 86 56 239
3936 97 42 100 239
1496 96 76 67 239
1784 95 59 85 239
4864 95 58 86 239
849 93 86 60 239
3808 93 50 96 239
635 87 50 102 239
3772 86 55 98 239
1744 84 41 114 239
2501 81 79 79 239
1384 80 75 84 239
3022 79 65 95 239
1957 78 91 70 239
1388 77 81 81 239
2676 76 100 63 239
3917 75 81 83 239
1108 75 73 91 239
148 74 86 79 239
3450 73 78 88 239
2430 72 99 68 239
4626 69 85 85 239
3561 69 77 93 239
4890 69 57 113 239
3248 68 80 91 239
4576 66 99 74 239
4832 66 94 79 239
4959 65 79 95 239
4192 64 94 81 239
1566 63 99 77 239
391 63 85 91 239
3758 63 59 117 239
4715 62 87 90 239
2918 62 71 106 239
4850 61 104 74 239
3298 61 95 83 239
4175 61 85 93 239
1331 59 128 52 239
3829 57 84 98 239
1371 55 136 48 239
3062 54 87 98 239
445 52 118 69 239
32 51 99 89 239
821 50 119 70 239
409 49 104 86 239
2156 46 133 60 239
3791 41 96 102 239
4014 35 94 110 239
1829 109 76 53 238
561 106 85 47 238
3919 105 75 58 238
3249 103 67 68 238
3180 103 55 80 238
195 103 47 88 238
3029 97 84 57 238
519 95 65 78 238
3500 95 60 83 238
1472 94 73 71 238
4932 94 64 80 238
3645 89 100 49 238
2697 88 66 84 238
1633 87 87 64 238
2888 87 84 67 238
3907 87 83 68 238
3217 87 81 70 238
4805 87 63 88 238
3926 85 42 111 238
1865 81 89 68 238
553 81 84 73 238
799 80 60 98 238
559 79 46 113 238
4702 78 94 66 238
2323 78 77 83 238
1705 78 72 88 238
2568 77 80 81 238
1709 77 70 91 238
1610 77 61 100 238
4130 75 114 49 238
3722 74 73 91 238
297 74 65 99 238
247 74 65 99 238
4081 72 121 45 238
3565 72 114 52 238
1956 69 122 47 238
3233 68 47 123 238
1982 65 99 74 238
1228 65 83 90 238
3070 65 80 93 238
3817 63 87 88 238
2804 63 70 105 238
4332 60 111 67 238
2587 56 82 100 238
526 55 86 97 238
1974 54 73 111 238
62 43 121 74 238
4053 129 50 58 237
2242 117 52 68 237
4968 114 33 90 237
4218 113 33 91 237
3927 112 69 56 237
737 108 37 92 237
3885 104 82 51 237
3443 102 46 89 237
1819 99 62 76 237
2616 94 92 51 237
2393 93 83 61 237
1994 93 74 70 237
2603 93 65 79 237
3486 89 92 56 237
4524 88 68 81 237
2707 87 73 77 237
2236 85 111 41 237
2195 85 88 64 237
4397 84 70 83 237
996 83 99 55 237
3447 83 76 78 237
1710 81 68 88 237
406 79 118 40 237
3009 79 111 47 237
1567 79 103 55 237
2610 78 87 72 237
395 77 110 50 237
2207 76 108 53 237
1494 76 67 94 237
1051 74 40 123 237
4661 71 63 103 237
2592 70 91 76 237
963 70 46 121 237
1296 69 92 76 237
953 69 87 81 237
2786 67 113 57 237
3922 66 115 56 237
2302 66 97 74 237
3093 66 78 93 237
1835 66 68 103 237
4171 64 69 104 237
3369 63 100 74 237
3570 63 78 96 237
3577 62 87 88 237
3374 62 73 102 237
2829 59 76 102 237
4983 58 118 61 237
4723 57 79 101 237
209 55 68 114 237
4074 55 67 115 237
3739 46 76 115 237
174 132 73 31 236
2909 119 67 50 236
4134 110 68 58 236
251 109 88 39 236
3810 108 61 67 236
707 107 60 69 236
2527 105 70 61 236
2266 102 110 24 236
281 102 58 76 236
3956 101 61 74 236
1455 99 61 76 236
1038 98 64 74 236
214 97 71 68 236
139 95 58 83 236
448 95 37 104 236
2539 92 107 37 236
451 92 105 39 236
1247 91 107 38 236
613 91 70 75 236
2674 91 68 77 236
2691 84 56 96 236
4079 83 97 56 236
1574 83 91 62 236
4807 82 103 51 236
1024 82 86 68 236
2835 80 88 68 236
1099 79 70 87 236
4534 79 64 93 236
2452 78 115 43 236
3923 78 67 91 236
4028 77 80 79 236
1930 76 93 67 236
1593 73 81 82 236
1501 73 75 88 236
3670 73 58 105 236
2986 71 89 76 236
595 71 64 101 236
2204 70 87 79 236
3412 67 59 110 236
2348 66 80 90 236
4720 66 69 101 236
2656 65 80 91 236
1402 65 60 111 236
360 63 79 94 236
3715 63 54 119 236
3792 61 91 84 236
1944 60 79 97 236
1177 58 90 88 236
4244 56 110 70 236
2355 56 96 84 236
4277 51 96 89 236
2896 50 75 111 236
4085 46 85 105 236
4637 117 38 80 235
709 111 25 99 235
622 105 76 54 235
4595 104 70 61 235
880 103 63 69 235
3129 102 68 65 235
1616 101 59 75 235
178 99 43 93 235
3980 96 99 40 235
3090 91 89 55 235
828 88 94 53 235
2174 87 106 42 235
903 86 99 50 235
4682 83 77 75 235
3273 81 96 58 235
2646 81 76 78 235
3455 81 70 84 235
4261 79 105 51 235
74 77 70 88 235
4570 77 65 93 235
2330 75 84 76 235
4997 74 65 96 235
3790 72 71 92 235
4790 72 63 100 235
1157 70 85 80 235
3872 66 76 93 235
761 65 92 78 235
2916 64 109 62 235
1016 64 99 72 235
4508 64 93 78 235
674 62 111 62 235
508 62 111 62 235
258 62 62 111 235
1818 61 96 78 235
4947 59 75 101 235
4267 56 102 77 235
4945 55 94 86 235
4597 55 90 90 235
3399 55 80 100 235
3002 51 73 111 235
1625 48 111 76 235
68 46 85 104 235
3540 42 109 84 235
188 34 93 108 235
2738 134 50 50 234
1788 128 60 46 234
4609 111 68 55 234
1030 110 77 47 234
2685 104 78 52 234
3871 99 69 66 234
4846 98 74 62 234
981 98 41 95 234
2184 97 78 59 234
4263 95 23 116 234
1685 94 93 47 234
2854 93 90 51 234
1009 89 70 75 234
2627 89 47 98 234
3395 84 66 84 234
1525 83 61 90 234
1180 79 74 81 234
1421 78 74 82 234
4333 77 87 70 234
1642 77 45 112 234
3204 76 67 91 234
3806 75 102 57 234
2977 75 86 73 234
2035 74 102 58 234
958 74 89 71 234
3505 74 75 85 234
1046 73 135 26 234
20 73 91 70 234
3104 72 73 89 234
2389 72 72 90 234
3625 72 71 91 234
3920 71 75 88 234
1902 70 101 63 234
3226 69 75 90 234
3153 68 98 68 234
4704 68 71 95 234
3021 67 82 85 234
2849 65 86 83 234
3075 64 71 99 234
3110 62 92 80 234
1998 62 88 84 234
4385 62 86 86 234
1890 59 100 75 234
3295 57 114 63 234
2987 56 117 61 234
3186 56 91 87 234
3899 53 78 103 234
454 52 86 96 234
1338 52 83 99 234
3737 52 63 119 234
2178 50 74 110 234
4105 48 116 70 234
2294 35 111 88 234
4794 29 135 70 234
2326 25 70 139 234
2044 137 58 38 233
3491 113 50 70 233
4445 111 68 54 233
3354 110 34 89 233
833 108 55 70 233
1748 107 86 40 233
3930 102 64 67 233
2583 100 50 83 233
728 99 67 67 233
4743 97 76 60 233
291 96 88 49 233
2235 96 79 58 233
2658 94 96 43 233
4721 94 64 75 233
4273 92 66 75 233
3089 92 54 87 233
3524 87 74 72 233
4993 86 64 83 233
1372 85 101 47 233
558 84 70 79 233
865 84 62 87 233
1641 81 98 54 233
3542 81 90 62 233
3081 80 95 58 233
2119 79 91 63 233
3465 79 60 94 233
1136 77 47 109 233
753 75 78 80 233
2791 72 90 71 233
3073 72 79 82 233
873 71 89 73 233
2150 69 72 92 233
3306 69 56 108 233
4648 67 94 72 233
2331 66 93 74 233
2307 64 108 61 233
1576 64 87 82 233
2781 64 61 108 233
3385 60 99 74 233
2229 53 90 90 233
684 45 119 69 233
2254 44 86 103 233
263 38 125 70 233
6 111 72 49 232
4122 111 41 80 232
4184 110 70 52 232
1134 108 81 43 232
3406 107 56 69 232
1837 107 38 87 232
1690 103 84 45 232
1042 102 93 37 232
493 98 47 87 232
954 97 70 65 232
2077 97 59 76 232
73 95 67 70 232
834 95 45 92 232
2486 92 60 80 232
3905 91 74 67 232
2189 91 59 82 232
4756 88 70 74 232
1524 87 102 43 232
2913 87 90 55 232
3464 87 41 104 232
45 84 78 70 232
408 83 83 66 232
3929 82 53 97 232
72 81 78 73 232
611 81 68 83 232
4537 81 53 98 232
2893 78 83 71 232
2782 78 69 85 232
3719 75 53 104 232
1118 70 103 59 232
2409 69 51 112 232
552 68 85 79 232
3733 68 66 98 232
4478 67 106 59 232
434 67 80 85 232
1368 66 119 47 232
3490 66 100 66 232
1344 59 87 86 232
2621 58 69 105 232
2766 56 125 51 232
1646 54 89 89 232
2837 52 64 116 232
4769 49 71 112 232
2009 46 100 86 232
257 43 93 96 232
2534 121 22 88 231
3496 110 66 55 231
2405 109 78 44 231
3994 107 53 71 231
4569 106 71 54 231
2480 100 85 46 231
1143 99 54 78 231
170 97 24 110 231
4476 96 65 70 231
4528 95 70 66 231
2368 93 51 87 231
4278 91 97 43 231
4885 91 74 66 231
2350 91 56 84 231
3516 89 42 100 231
4617 87 77 67 231
2425 86 103 42 231
477 85 74 72 231
3628 85 44 102 231
4860 84 86 61 231
1265 81 87 63 231
3011 81 74 76 231
4101 80 76 75 231
2912 80 45 106 231
1170 79 89 63 231
1142 76 58 97 231
570 75 97 59 231
1200 74 84 73 231
4886 74 76 81 231
2286 73 96 62 231
1289 73 80 78 231
1219 72 100 59 231
2112 72 95 64 231
2601 72 94 65 231
4739 72 84 75 231
465 71 86 74 231
476 70 72 89 231
1332 69 90 72 231
4894 68 122 41 231
1274 68 80 83 231
629 65 96 70 231
2264 63 95 73 231
1626 60 79 92 231
3294 57 106 68 231
1449 56 86 89 231
2638 55 92 84 231
2051 54 77 100 231
4228 53 106 72 231
3689 51 108 72 231
1141 51 77 103 231
4451 50 76 105 231
413 43 96 92 231
3697 42 70 119 231
3970 40 127 64 231
4564 127 65 38 230
3170 113 66 51 230
1469 100 52 78 230
1459 97 61 72 230
161 96 92 42 230
1293 96 75 59 230
4330 95 24 111 230
3332 91 78 61 230
4432 91 77 62 230
4510 89 63 78 230
1857 87 95 48 230
253 87 63 80 230
137 86 77 67 230
3291 84 63 83 230
1339 84 15 131 230
537 83 109 38 230
3278 82 89 59 230
2024 81 76 73 230
2064 80 78 72 230
1703 80 78 72 230
742 79 58 93 230
3882 77 92 61 230
1637 77 82 71 230
4785 75 93 62 230
706 75 92 63 230
1803 72 121 37 230
1011 72 85 73 230
1939 71 58 101 230
1196 70 95 65 230
2188 69 108 53 230
3556 67 65 98 230
3616 65 114 51 230
4067 65 63 102 230
2688 64 94 72 230
2384 62 81 87 230
3470 62 58 110 230
3550 61 105 64 230
2727 61 68 101 230
3538 59 103 68 230
4212 58 77 95 230
2447 57 92 81 230
4956 57 54 119 230
4995 55 102 73 230
2352 55 100 75 230
3525 54 107 69 230
2633 54 64 112 230
1681 54 59 117 230
223 49 57 124 230
3146 45 81 104 230
358 42 71 117 230
1841 40 108 82 230
1927 40 92 98 230
371 124 80 25 229
2121 114 44 71 229
155 113 57 59 229
3469 105 54 70 229
3293 102 46 81 229
2529 101 60 68 229
3189 100 72 57 229
1602 99 59 71 229
4291 96 50 83 229
1860 94 70 65 229
1871 91 92 46 229
166 91 51 87 229
1073 90 55 84 229
1050 89 87 53 229
1854 87 69 73 229
2830 87 51 91 229
2796 86 56 87 229
304 85 73 71 229
211 84 77 68 229
3221 83 84 62 229
1241 82 75 72 229
2978 81 73 75 229
2482 80 84 65 229
1062 79 65 85 229
417 78 78 73 229
440 78 38 113 229
4080 74 114 41 229
3756 74 90 65 229
1056 73 75 81 229
1097 73 65 91 229
623 72 62 95 229
3222 71 88 70 229
2703 70 66 93 229
4336 69 103 57 229
4572 68 98 63 229
4070 68 93 68 229
4859 66 68 95 229
4516 64 52 113 229
238 61 51 117 229
3175 60 87 82 229
4577 60 77 92 229
4730 59 100 70 229
2920 58 88 83 229
4611 57 99 73 229
4231 54 96 79 229
3536 52 73 104 229
3373 48 97 84 229
1820 42 87 100 229
4334 35 98 96 229
3393 27 87 115 229
4015 22 64 143 229
2139 120 35 73 228
2523 110 77 41 228
1693 106 75 47 228
1755 105 66 57 228
4290 105 65 58 228
977 101 83 44 228
2919 92 63 73 228
4783 92 58 78 228
1864 88 69 71 228
3437 87 65 76 228
3304 85 76 67 228
710 84 68 76 228
1148 80 73 75 228
2449 79 104 45 228
2776 79 83 66 228
3141 79 66 83 228
4527 76 96 56 228
4900 76 66 86 228
3789 75 115 38 228
2315 75 47 106 228
731 74 96 58 228
1 74 67 87 228
192 70 87 71 228
3281 68 63 97 228
4319 67 87 74 228
3025 63 88 77 228
235 63 84 81 228
1279 62 91 75 228
2114 62 63 103 228
357 61 70 97 228
1470 58 97 73 228
2955 58 91 79 228
585 56 101 71 228
3251 51 80 97 228
4971 47 106 75 228
4893 38 64 126 228
3839 36 123 69 228
2737 145 23 59 227
280 140 48 39 227
2517 128 61 38 227
4157 119 52 56 227
3952 113 82 32 227
1530 107 73 47 227
1977 103 61 63 227
2163 96 43 88 227
48 93 49 85 227
793 92 97 38 227
4286 92 89 46 227
1150 91 66 70 227
1201 90 90 47 227
718 89 89 49 227
1054 88 86 53 227
151 88 72 67 227
3149 87 84 56 227
1171 87 80 60 227
4855 86 93 48 227
3632 86 72 69 227
64 83 76 68 227
1249 82 70 75 227
3211 82 67 78 227
4676 81 86 60 227
3394 79 64 84 227
3778 79 63 85 227
1847 77 66 84 227
2146 75 68 84 227
1861 75 66 86 227
1479 73 104 50 227
2407 73 71 83 227
2372 72 56 99 227
3884 71 72 84 227
4868 68 87 72 227
4700 68 84 75 227
2882 67 50 110 227
123 66 80 81 227
404 58 80 89 227
4417 57 92 78 227
1437 57 63 107 227
2015 48 99 80 227
478 46 95 86 227
1252 42 94 91 227
3815 36 108 83 227
2030 114 87 25 226
3380 107 79 40 226
1124 98 106 22 226
1764 98 69 59 226
3290 98 66 62 226
369 98 59 69 226
4926 98 37 91 226
2375 96 64 66 226
362 95 66 65 226
4623 93 85 48 226
2591 92 42 92 226
288 90 49 87 226
3979 87 54 85 226
1226 86 76 64 226
3541 85 95 46 226
2018 84 81 61 226
4490 83 61 82 226
992 82 76 68 226
1635 82 61 83 226
4969 80 71 75 226
3991 78 67 81 226
886 78 30 118 226
1950 77 79 70 226
4461 77 72 77 226
1145 77 58 91 226
1845 75 89 62 226
2651 75 70 81 226
2288 73 80 73 226
2508 71 89 66 226
4147 71 87 68 226
3231 69 90 67 226
3713 67 52 107 226
2074 65 56 105 226
4057 60 58 108 226
3313 47 83 96 226
4254 45 72 109 226
643 43 103 80 226
2753 34 70 122 226
1569 31 104 91 226
936 115 27 83 225
3744 114 62 49 225
942 107 53 65 225
2728 106 25 94 225
1627 102 75 48 225
582 99 46 80 225
3704 98 74 53 225
2233 95 61 69 225
1154 95 48 82 225
1543 91 55 79 225
4463 90 85 50 225
3624 87 56 82 225
1895 86 98 41 225
2285 82 69 74 225
4690 81 80 64 225
3698 80 85 60 225
2542 80 59 86 225
539 77 82 66 225
1040 77 58 90 225
2661 76 81 68 225
156 75 101 49 225
3844 75 90 60 225
2312 74 93 58 225
3357 71 97 57 225
1374 71 97 57 225
4237 70 71 84 225
4499 67 83 75 225
939 67 76 82 225
2199 63 68 94 225
1409 62 112 51 225
3320 60 60 105 225
2941 58 77 90 225
1640 58 63 104 225
4048 56 71 98 225
2107 55 113 57 225
2226 55 96 74 225
384 53 88 84 225
2663 48 82 95 225
1263 47 92 86 225
187 47 73 105 225
3969 43 115 67 225
2670 42 71 112 225
4384 41 86 98 225
3512 40 89 96 225
4193 35 86 104 225
2149 26 99 100 225
618 132 51 41 224
4201 130 56 38 224
719 130 28 66 224
2495 125 43 56 224
3804 102 60 62 224
3672 101 76 47 224
2794 100 51 73 224
86 100 37 87 224
3087 98 56 70 224
1876 97 80 47 224
554 97 72 55 224
877 97 62 65 224
44 97 58 69 224
2813 96 100 28 224
1264 95 74 55 224
262 94 103 27 224
3732 94 65 65 224
1943 90 67 67 224
2277 88 59 77 224
1636 86 68 70 224
2237 85 40 99 224
17 84 70 70 224
959 83 72 69 224
2428 82 97 45 224
1301 82 94 48 224
4669 81 74 69 224
1486 78 74 72 224
2831 78 64 82 224
4497 77 66 81 224
4845 76 73 75 224
3163 75 76 73 224
2102 75 54 95 224
733 73 66 85 224
4125 72 110 42 224
3653 71 91 62 224
3096 71 76 77 224
3032 70 38 116 224
286 70 35 119 224
3717 69 73 82 224
800 65 110 49 224
29 64 83 77 224
2070 64 62 98 224
1100 63 109 52 224
3001 61 74 89 224
3727 59 105 60 224
1285 58 75 91 224
1082 55 117 52 224
3063 55 81 88 224
1326 54 79 91 224
4705 50 73 101 224
4535 50 64 110 224
1352 46 88 90 224
2158 44 104 76 224
3962 43 80 101 224
2926 40 61 123 224
353 38 116 70 224
4605 126 62 35 223
1354 122 40 61 223
2944 107 71 45 223
4271 102 54 67 223
4544 98 62 63 223
3531 92 79 52 223
1936 91 56 76 223
3767 89 54 80 223
3793 88 70 65 223
13 87 31 105 223
573 85 25 113 223
1747 84 76 63 223
2365 83 85 55 223
2287 81 71 71 223
1192 79 74 70 223
711 79 39 105 223
3971 76 92 55 223
1385 76 41 106 223
2319 75 83 65 223
4011 74 83 66 223
3853 73 100 50 223
4561 72 102 49 223
1176 71 96 56 223
4032 71 86 66 223
373 70 48 105 223
1313 69 94 60 223
2938 69 52 102 223
4426 68 85 70 223
1113 67 88 68 223
88 67 76 80 223
4613 67 74 82 223
3241 65 104 54 223
4594 65 80 78 223
2406 64 70 89 223
670 62 97 64 223
1243 58 70 95 223
3050 57 90 76 223
2736 56 99 68 223
1049 56 93 74 223
2772 55 111 57 223
920 55 75 93 223
3158 55 45 123 223
1048 53 84 86 223
3634 52 81 90 223
2839 50 67 106 223
204 48 104 71 223
3031 47 116 60 223
2455 47 88 88 223
3123 38 95 90 223
1377 37 142 44 223
1553 36 71 116 223
4806 28 95 100 223
377 26 77 120 223
4831 155 32 35 222
4162 121 89 12 222
3532 115 57 50 222
850 100 77 45 222
985 97 52 73 222
1235 93 50 79 222
3152 93 33 96 222
3095 90 70 62 222
4025 85 68 69 222
2487 82 63 77 222
2379 81 25 116 222
99 80 79 63 222
2012 79 72 71 222
1028 79 71 72 222
652 77 88 57 222
4128 77 71 74 222
2502 77 66 79 222
4778 76 65 81 222
341 74 98 50 222
664 73 86 63 222
2960 73 49 100 222
3897 72 55 95 222
549 71 110 41 222
285 70 72 80 222
2763 69 84 69 222
4857 68 115 39 222
851 68 68 86 222
1734 67 83 72 222
3134 63 108 51 222
1644 60 99 63 222
587 60 89 73 222
1523 60 67 95 222
463 58 72 92 222
3416 57 103 62 222
1429 55 125 42 222
449 55 115 52 222
2929 55 64 103 222
361 54 98 70 222
3891 54 88 80 222
1821 44 98 80 222
4632 43 106 73 222
2608 43 105 74 222
4474 29 63 130 222
4429 114 55 52 221
935 113 65 43 221
1288 103 42 76 221
3834 102 55 64 221
902 101 91 29 221
2718 101 52 68 221
2435 101 51 69 221
1208 96 60 65 221
3229 94 91 36 221
764 94 76 51 221
392 94 32 95 221
2970 92 72 57 221
4972 90 57 74 221
688 88 75 58 221
4204 88 73 60 221
2291 88 66 67 221
3449 87 40 94 221
2043 86 72 63 221
4363 86 66 69 221
1103 85 87 49 221
3201 85 53 83 221
2797 83 81 57 221
1624 80 75 66 221
879 76 120 25 221
4728 75 54 92 221
4396 74 76 71 221
3594 73 69 79 221
3746 68 75 78 221
3242 67 80 74 221
788 64 80 77 221
366 64 79 78 221
120 63 61 97 221
359 59 119 43 221
2861 46 74 101 221
1701 43 91 87 221
2336 42 103 76 221
3953 40 91 90 221
4768 35 101 85 221
4881 35 71 115 221
3377 31 103 87 221
482 114 45 61 220
1863 113 57 50 220
4072 112 76 32 220
1340 112 44 64 220
3077 111 84 25 220
160 105 56 59 220
3202 102 67 51 220
4660 97 55 68 220
3851 96 79 45 220
3633 95 66 59 220
1286 91 41 88 220
976 90 82 48 220
4302 88 85 47 220
154 84 48 88 220
4519 84 46 90 220
2990 84 42 94 220
2397 81 58 81 220
1521 78 59 83 220
1435 76 70 74 220
1343 75 86 59 220
3530 75 54 91 220
4631 71 105 44 220
1408 69 90 61 220
3176 68 86 66 220
3048 68 78 74 220
4455 68 63 89 220
1187 67 110 43 220
3016 61 108 51 220
1879 57 56 107 220
4896 56 128 36 220
2602 56 69 95 220
4344 44 105 71 220
3312 44 94 82 220
1545 36 99 85 220
2094 36 81 103 220
1699 35 105 80 220
1444 35 80 105 220
2322 29 102 89 220
736 112 50 57 219
665 108 48 63 219
301 106 41 72 219
2660 102 67 50 219
1733 100 50 69 219
1305 100 33 86 219
2812 94 62 63 219
1880 92 88 39 219
2391 91 62 66 219
402 88 45 86 219
205 85 97 37 219
4038 85 34 100 219
3418 83 85 51 219
4634 82 30 107 219
823 79 89 51 219
4401 79 67 73 219
1802 79 55 85 219
3193 78 73 68 219
4538 77 73 69 219
3383 74 70 75 219
3811 73 65 81 219
1657 72 58 89 219
847 70 74 75 219
1206 63 83 73 219
1941 62 72 85 219
4316 58 99 62 219
382 58 85 76 219
4820 58 83 78 219
3460 57 98 64 219
2947 55 59 105 219
777 52 79 88 219
4298 52 78 89 219
318 48 92 79 219
2136 47 91 81 219
1900 18 83 118 219
1986 5 144 70 219
3181 110 64 44 218
2612 103 9 106 218
1239 99 56 63 218
4906 98 56 64 218
2648 95 74 49 218
220 94 78 46 218
660 92 68 58 218
1337 89 84 45 218
122 83 61 74 218
1789 81 81 56 218
4230 80 73 65 218
592 77 66 75 218
4039 77 62 79 218
1786 77 42 99 218
3786 77 36 105 218
3539 76 35 107 218
3414 75 39 104 218
3553 74 94 50 218
2113 74 91 53 218
182 71 112 35 218
4255 71 73 74 218
2641 71 65 82 218
3173 71 58 89 218
2206 70 66 82 218
924 68 79 71 218
2011 63 56 99 218
3526 61 66 91 218
4140 60 77 81 218
3058 59 92 67 218
3046 59 64 95 218
648 57 81 80 218
3330 55 86 77 218
638 54 82 82 218
603 48 70 100 218
4680 46 103 69 218
1129 40 57 121 218
3446 122 64 31 217
265 107 60 50 217
1761 103 8 106 217
2963 99 55 63 217
1768 98 75 44 217
1308 96 90 31 217
3964 93 69 55 217
2248 93 66 58 217
1526 91 39 87 217
4269 91 29 97 217
4844 90 51 76 217
2541 90 47 80 217
4992 89 55 73 217
3452 89 43 85 217
75 88 76 53 217
2645 88 70 59 217
3667 87 59 71 217
2973 87 54 76 217
745 84 52 81 217
4659 83 74 60 217
782 81 64 72 217
1875 81 42 94 217
4917 80 95 42 217
4453 80 58 79 217
4109 80 48 89 217
4275 80 47 90 217
4587 79 63 75 217
1227 78 85 54 217
938 78 32 107 217
2019 76 81 60 217
1697 76 66 75 217
1234 75 77 65 217
1010 73 83 61 217
2462 73 76 68 217
3868 72 94 51 217
3783 72 58 87 217
597 70 79 68 217
4598 69 68 80 217
3422 65 71 81 217
3602 62 109 46 217
121 61 87 69 217
4960 60 90 67 217
4500 59 106 52 217
4351 58 78 81 217
4153 56 93 68 217
2382 56 69 92 217
3329 55 107 55 217
4548 54 98 65 217
2998 54 75 88 217
4961 54 57 106 217
3902 52 93 72 217
4495 48 98 71 217
3430 43 103 71 217
3842 38 116 63 217
3763 36 86 95 217
2710 30 66 121 217
4662 110 46 60 216
4902 103 76 37 216
3392 102 55 59 216
1814 98 66 52 216
2630 96 87 33 216
2090 96 75 45 216
3439 95 33 88 216
3342 86 49 81 216
3959 86 36 94 216
2144 85 52 79 216
1581 81 88 47 216
1034 78 77 61 216
2212 77 65 74 216
1662 74 59 83 216
4620 72 78 66 216
1959 72 57 87 216
1093 70 77 69 216
2615 65 74 77 216
1825 64 85 67 216
4289 61 74 81 216
4062 60 111 45 216
4834 60 56 100 216
4734 58 67 91 216
1261 57 74 85 216
2443 56 93 67 216
4371 56 80 80 216
1460 54 82 80 216
3688 50 81 85 216
4100 49 71 96 216
4697 47 81 88 216
3874 38 88 90 216
1766 130 18 67 215
4530 112 43 60 215
4285 109 51 55 215
3854 103 65 47 215
350 99 58 58 215
2914 97 36 82 215
4050 95 65 55 215
4168 92 49 74 215
3795 90 63 62 215
1728 88 83 44 215
4217 88 58 69 215
1550 87 52 76 215
1231 84 77 54 215
3288 84 52 79 215
4545 79 84 52 215
4209 78 79 58 215
436 76 62 77 215
488 75 78 62 215
4372 75 56 84 215
662 73 79 63 215
2699 72 71 72 215
1661 72 68 75 215
2104 69 70 76 215
3892 68 82 65 215
2257 68 73 74 215
4714 67 64 84 215
4518 67 34 114 215
4873 66 74 75 215
2373 65 64 86 215
2678 64 70 81 215
2463 64 31 120 215
4612 60 59 96 215
3825 59 76 80 215
1485 58 107 50 215
3984 58 46 111 215
1882 57 93 65 215
4937 57 77 81 215
3024 56 99 60 215
1712 53 72 90 215
1672 53 62 100 215
3007 52 97 66 215
970 51 91 73 215
4268 50 66 99 215
720 47 75 93 215
1275 46 58 111 215
2057 34 78 103 215
110 31 99 85 215
4369 28 37 150 215
2127 110 51 53 214
4732 109 43 62 214
1511 104 63 47 214
3051 100 67 47 214
3033 100 55 59 214
3296 97 42 75 214
3015 92 87 35 214
3316 91 84 39 214
4108 87 66 61 214
4694 86 87 41 214
4249 86 29 99 214
4076 84 79 51 214
576 83 76 55 214
4551 83 69 62 214
4962 80 51 83 214
896 80 38 96 214
703 79 70 65 214
3200 76 59 79 214
207 73 70 71 214
683 69 71 74 214
4274 67 79 68 214
2037 66 69 79 214
1883 65 65 84 214
396 64 73 77 214
2341 62 99 53 214
1417 62 65 87 214
4016 58 76 80 214
1471 57 72 85 214
1571 54 100 60 214
639 54 99 61 214
3272 52 85 77 214
2878 52 78 84 214
2081 49 64 101 214
132 49 60 105 214
4138 44 73 97 214
4848 36 93 85 214
4897 31 97 86 214
1599 25 95 94 214
2364 24 90 100 214
3301 21 76 117 214
1282 142 38 33 213
1242 108 41 64 213
1960 104 41 68 213
2792 103 75 35 213
4358 93 73 47 213
572 90 54 69 213
3581 90 53 70 213
1812 89 31 93 213
3069 84 54 75 213
1797 83 53 77 213
610 77 58 78 213
95 74 71 68 213
991 73 88 52 213
2719 71 113 29 213
900 71 80 62 213
3331 70 60 83 213
4726 69 73 71 213
4601 69 72 72 213
4944 67 65 81 213
2175 65 104 44 213
690 65 100 48 213
4236 64 106 43 213
335 56 94 63 213
332 56 84 73 213
1506 56 63 94 213
3484 54 79 80 213
2793 49 56 108 213
1499 48 75 90 213
4737 44 82 87 213
4265 39 73 101 213
3635 34 72 107 213
3911 31 65 117 213
4099 112 68 32 212
3749 109 3 100 212
172 105 67 40 212
109 95 41 76 212
1551 94 75 43 212
735 94 50 68 212
1186 91 51 70 212
816 88 66 58 212
697 86 31 95 212
300 85 60 67 212
2485 85 58 69 212
1810 81 59 72 212
2910 80 83 49 212
897 79 83 50 212
4017 78 55 79 212
2858 77 73 62 212
2181 76 91 45 212
2885 76 67 69 212
2811 75 78 59 212
2477 72 78 62 212
1125 72 67 73 212
1364 71 72 69 212
2084 65 73 74 212
3915 62 102 48 212
4713 61 70 81 212
937 60 69 83 212
3352 59 91 62 212
819 58 67 87 212
2105 57 85 70 212
1487 56 72 84 212
1591 51 76 85 212
1926 51 64 97 212
4599 50 69 93 212
2446 48 80 84 212
399 47 65 100 212
231 44 89 79 212
1770 43 86 83 212
1623 104 46 61 211
3239 102 75 34 211
3652 100 76 35 211
1070 99 51 61 211
2434 96 76 39 211
1312 96 49 66 211
4256 95 74 42 211
3647 94 37 80 211
4579 93 52 66 211
4560 92 110 9 211
1852 89 81 41 211
1324 88 50 73 211
830 87 56 68 211
3848 87 39 85 211
390 86 48 77 211
31 85 51 75 211
2742 83 92 36 211
1750 83 72 56 211
4771 79 52 80 211
2859 77 80 54 211
4295 77 67 67 211
2516 75 47 89 211
852 73 49 89 211
4775 72 99 40 211
4041 67 96 48 211
4194 67 87 57 211
2172 67 64 80 211
1538 66 85 60 211
2874 66 69 76 211
294 65 108 38 211
3939 65 107 39 211
2731 65 77 69 211
329 64 75 72 211
1276 64 34 113 211
4712 63 67 81 211
1114 61 91 59 211
3860 61 42 108 211
3933 60 89 62 211
763 55 43 113 211
278 53 79 79 211
4359 53 78 80 211
2752 52 91 68 211
4703 51 112 48 211
3799 51 88 72 211
577 48 70 93 211
1955 48 54 109 211
724 47 64 100 211
1164 46 99 66 211
4222 45 83 83 211
3992 40 95 76 211
4483 33 103 75 211
1842 31 72 108 211
1715 111 48 51 210
4533 104 59 47 210
4827 104 38 68 210
4342 94 62 54 210
2881 93 79 38 210
3270 93 23 94 210
2289 92 92 26 210
4943 90 56 64 210
416 90 43 77 210
3957 88 79 43 210
708 88 56 66 210
2832 87 70 53 210
240 87 56 67 210
1798 86 68 56 210
645 85 66 59 210
1431 85 40 85 210
2170 84 70 56 210
3965 83 39 88 210
69 80 120 10 210
2215 80 53 77 210
787 79 87 44 210
4798 76 65 69 210
4356 74 84 52 210
1430 72 44 94 210
2378 68 67 75 210
1316 68 64 78 210
4801 68 60 82 210
1386 67 66 77 210
1412 67 60 83 210
189 66 70 74 210
2252 66 66 78 210
2134 65 44 101 210
1090 64 66 80 210
4696 60 59 91 210
2600 58 66 86 210
4008 57 80 73 210
3065 55 52 103 210
437 48 100 62 210
466 47 83 80 210
3638 45 92 73 210
4044 42 101 67 210
4843 41 84 85 210
1426 39 88 83 210
1539 34 122 54 210
3102 34 116 60 210
3904 140 36 33 209
338 122 12 75 209
4443 120 49 40 209
2444 114 48 47 209
4746 103 47 59 209
3751 102 42 65 209
2911 100 75 34 209
113 100 58 51 209
4300 99 74 36 209
1652 96 34 79 209
236 94 63 52 209
4211 93 23 93 209
4439 84 52 73 209
1664 80 57 72 209
1729 80 50 79 209
1225 80 39 90 209
3105 76 77 56 209
4934 74 48 87 209
3841 69 70 70 209
1881 67 71 71 209
4145 66 90 53 209
725 66 68 75 209
3182 66 66 77 209
2759 62 79 68 209
3913 61 114 34 209
2590 61 83 65 209
907 55 100 54 209
3283 55 78 76 209
2846 54 101 54 209
2535 53 84 72 209
2957 51 56 102 209
1085 49 89 71 209
2845 41 95 73 209
1410 41 79 89 209
993 41 74 94 209
4748 31 68 110 209
3619 119 70 19 208
2579 108 55 45 208
4629 108 35 65 208
2334 106 37 65 208
765 97 58 53 208
3580 91 61 56 208
3235 91 32 85 208
2241 83 73 52 208
3703 81 42 85 208
1064 79 78 51 208
700 78 65 65 208
3607 77 80 51 208
2438 73 61 74 208
2067 73 36 99 208
3960 71 101 36 208
2657 71 90 47 208
2475 70 82 56 208
1940 68 78 62 208
1722 67 52 89 208
979 66 74 68 208
4154 66 59 83 208
3729 65 76 67 208
4888 65 70 73 208
634 63 77 68 208
222 63 70 75 208
4083 62 58 88 208
2441 61 60 87 208
4514 60 100 48 208
1549 59 60 89 208
2245 56 79 73 208
4540 50 58 100 208
1031 48 68 92 208
4475 46 65 97 208
3045 44 81 83 208
4176 40 88 80 208
274 37 103 68 208
1999 29 71 108 208
176 119 40 48 207
320 110 42 55 207
2029 92 88 27 207
1002 90 53 64 207
1403 89 77 41 207
3387 89 74 44 207
4979 87 69 51 207
46 86 81 40 207
2027 86 77 44 207
1166 84 60 63 207
3604 82 87 38 207
4744 82 50 75 207
762 77 54 76 207
1006 74 80 53 207
4875 71 57 79 207
3126 68 72 67 207
1503 68 52 87 207
3194 66 93 48 207
894 64 81 62 207
543 60 47 100 207
2056 59 59 89 207
1572 59 57 91 207
499 58 57 92 207
3172 57 83 67 207
2778 52 87 68 207
2089 52 78 77 207
2546 52 72 83 207
4262 48 57 102 207
3612 47 103 57 207
4707 47 63 97 207
3255 44 68 95 207
2141 41 103 63 207
4251 29 55 123 207
943 25 96 86 207
2883 13 67 127 207
1991 3 118 86 207
2982 132 63 11 206
4409 101 69 36 206
2948 100 30 76 206
3903 96 51 59 206
3207 91 82 33 206
2002 88 72 46 206
2271 87 29 90 206
3401 85 36 85 206
3191 83 62 61 206
1254 83 57 66 206
4901 82 55 69 206
1310 82 45 79 206
2055 81 23 102 206
1071 79 45 82 206
1270 73 75 58 206
950 69 78 59 206
1565 69 49 88 206
806 67 51 88 206
785 65 112 29 206
2504 65 66 75 206
4104 64 62 80 206
671 60 82 64 206
96 56 119 31 206
4224 53 79 74 206
734 52 111 43 206
2785 44 96 66 206
4390 42 106 58 206
3521 39 108 59 206
1721 38 86 82 206
4022 36 83 87 206
2949 31 93 82 206
4318 20 70 116 206
282 9 101 96 206
714 117 46 42 205
2555 109 74 22 205
1101 109 22 74 205
3147 104 74 27 205
1160 98 51 56 205
1743 94 31 80 205
1389 93 47 65 205
3165 92 83 30 205
9 91 54 60 205
4727 90 36 79 205
3056 86 40 79 205
3014 85 71 49 205
1804 85 44 76 205
588 84 24 97 205
4940 83 30 92 205
1427 80 75 50 205
2853 80 45 80 205
3966 79 20 106 205
2273 78 88 39 205
4403 78 43 84 205
4928 75 64 66 205
1107 75 46 84 205
4112 73 61 71 205
3800 72 57 76 205
3543 72 37 96 205
2698 71 88 46 205
502 70 59 76 205
974 68 76 61 205
4431 68 43 94 205
1650 65 82 58 205
2234 64 79 62 205
3036 63 53 89 205
4019 63 52 90 205
2169 59 68 78 205
186 55 75 75 205
442 55 60 90 205
844 55 48 102 205
116 53 109 43 205
115 52 93 60 205
918 51 66 88 205
256 50 53 102 205
1562 48 96 61 205
1060 42 70 93 205
4465 41 96 68 205
4670 41 61 103 205
3906 38 79 88 205
3883 35 87 83 205
757 34 109 62 205
322 33 107 65 205
3276 30 108 67 205
3382 24 92 89 205
3323 112 63 29 204
4507 106 44 54 204
3413 101 39 64 204
3366 98 23 83 204
4674 92 63 49 204
1663 88 49 67 204
2493 85 59 60 204
2224 84 66 54 204
2751 83 71 50 204
863 82 33 89 204
2351 80 61 63 204
163 80 49 75 204
947 80 44 80 204
813 77 61 66 204
2800 74 59 71 204
2543 72 67 65 204
18 71 97 36 204
4229 71 81 52 204
3092 71 72 61 204
4235 68 69 67 204
2863 67 61 76 204
15 67 56 81 204
4010 61 90 53 204
2464 57 65 82 204
4552 55 100 49 204
2968 54 102 48 204
630 52 66 86 204
3227 49 94 61 204
2426 48 58 98 204
4501 46 99 59 204
1604 42 74 88 204
1971 39 116 49 204
4458 37 90 77 204
2305 114 46 43 203
2187 110 20 73 203
3663 97 62 44 203
248 97 57 49 203
3776 90 63 50 203
4090 88 70 45 203
3060 86 34 83 203
4784 83 51 69 203
2356 81 65 57 203
1917 79 67 57 203
4895 76 66 61 203
1675 73 70 60 203
2520 73 67 63 203
2862 71 73 59 203
131 71 63 69 203
1095 70 88 45 203
1007 70 85 48 203
2416 70 36 97 203
2628 67 91 45 203
2227 67 75 61 203
3747 67 73 63 203
2013 65 48 90 203
2809 63 76 64 203
4272 62 63 78 203
491 61 91 51 203
1303 60 46 97 203
2456 59 98 46 203
4596 59 83 61 203
1548 58 65 80 203
760 57 85 61 203
1203 57 84 62 203
2757 56 82 65 203
2732 56 80 67 203
1307 54 88 61 203
1687 52 65 86 203
2401 49 83 71 203
4357 49 70 84 203
3750 46 98 59 203
3493 44 76 83 203
4666 42 131 30 203
276 39 65 99 203
1284 33 69 101 203
601 31 68 104 203
4206 108 41 53 202
2992 106 39 57 202
4872 96 31 75 202
650 95 36 71 202
1612 94 62 46 202
556 91 52 59 202
4691 90 66 46 202
1822 86 35 81 202
4817 85 75 42 202
3603 85 43 74 202
2764 83 54 65 202
1781 82 60 60 202
4975 81 63 58 202
3143 81 53 68 202
2924 78 34 90 202
831 76 56 70 202
4087 75 82 45 202
89 74 50 78 202
3759 74 45 83 202
2857 73 39 90 202
4558 69 78 55 202
4758 67 60 75 202
858 65 76 61 202
3161 65 51 86 202
2362 63 108 31 202
843 63 74 65 202
3308 62 57 83 202
4644 62 28 112 202
3368 60 89 53 202
4411 58 81 63 202
2468 57 74 71 202
4304 55 52 95 202
3315 51 95 56 202
4406 51 34 117 202
4913 48 74 80 202
2205 47 70 85 202
1898 45 88 69 202
2050 44 73 85 202
3768 38 71 93 202
1428 38 42 122 202
4007 37 112 53 202
2190 37 96 69 202
2371 36 70 96 202
1563 35 48 119 202
4953 34 81 87 202
4364 25 98 79 202
1759 18 93 91 202
4164 14 94 94 202
3478 136 37 28 201
1691 98 51 52 201
3955 96 55 50 201
4400 95 70 36 201
3503 93 78 30 201
1848 87 61 53 201
626 86 63 52 201
1401 81 77 43 201
1117 79 85 37 201
2213 78 93 30 201
2138 72 72 57 201
2823 72 61 68 201
3568 72 59 70 201
4347 68 61 72 201
3479 67 67 67 201
4761 63 83 55 201
1356 62 97 42 201
1724 62 76 63 201
2934 62 62 77 201
1033 60 77 64 201
562 56 69 76 201
4305 51 51 99 201
1272 50 74 77 201
3305 49 104 48 201
4833 48 49 104 201
4126 45 76 80 201
1477 43 67 91 201
1547 38 112 51 201
908 37 87 77 201
2162 32 68 101 201
4477 30 117 54 201
2611 101 62 37 200
3835 99 38 63 200
3428 91 21 88 200
3228 91 15 94 200
604 87 66 47 200
3547 87 60 53 200
1594 86 92 22 200
2936 83 48 69 200
1491 83 25 92 200
676 82 29 89 200
1531 81 53 66 200
2767 81 41 78 200
4999 77 41 82 200
1899 76 70 54 200
3755 74 66 60 200
1126 74 65 61 200
111 74 56 70 200
3196 73 72 55 200
1341 73 60 67 200
1515 73 53 74 200
699 72 92 36 200
1507 71 63 66 200
4797 71 62 67 200
2402 71 48 81 200
2132 70 97 33 200
1476 70 64 66 200
459 70 59 71 200
3954 69 62 69 200
4069 66 70 64 200
932 66 59 75 200
4740 64 81 55 200
3188 64 69 67 200
1044 61 46 93 200
2593 60 75 65 200
680 55 59 86 200
1111 54 87 59 200
3462 52 94 54 200
4242 51 83 66 200
4195 51 58 91 200
144 49 58 93 200
4772 44 58 98 200
4077 42 79 79 200
578 38 104 58 200
3864 33 102 65 200
19 33 68 99 200
3438 29 86 85 200
1698 28 90 82 200
4709 93 67 39 199
1746 93 67 39 199
1379 92 41 66 199
165 89 92 18 199
4182 84 21 94 199
4652 82 69 48 199
3216 80 54 65 199
1912 79 58 62 199
2798 78 84 37 199
1197 76 65 58 199
2185 74 63 62 199
2380 73 62 64 199
2954 71 65 63 199
3818 69 77 53 199
1463 69 64 66 199
4865 69 48 82 199
4656 66 62 71 199
1938 64 71 64 199
1021 63 86 50 199
2038 63 63 73 199
4282 63 48 88 199
2014 61 75 63 199
2461 60 76 63 199
1787 57 103 39 199
679 57 68 74 199
3766 55 78 66 199
2433 55 65 79 199
1342 51 91 57 199
4006 50 55 94 199
2806 48 90 61 199
1018 48 67 84 199
2034 42 100 57 199
3013 39 40 120 199
2900 38 81 80 199
2458 20 96 83 199
2958 112 38 48 198
1079 112 23 63 198
826 108 8 82 198
751 105 14 79 198
4967 103 47 48 198
4003 102 35 61 198
3569 93 49 56 198
3454 93 33 72 198
2747 88 39 71 198
2570 87 72 39 198
4103 84 33 81 198
4984 83 45 70 198
527 82 46 70 198
4226 77 62 59 198
1595 77 54 67 198
4410 76 83 39 198
4621 75 78 45 198
196 74 102 22 198
342 70 63 65 198
786 70 54 74 198
4973 69 72 57 198
4653 69 69 60 198
1522 69 64 65 198
2265 68 73 57 198
125 67 78 53 198
1478 67 72 59 198
4245 66 79 53 198
4757 66 75 57 198
2492 66 70 62 198
4982 63 69 66 198
4918 62 75 61 198
636 60 69 69 198
653 60 64 74 198
3771 56 69 73 198
2429 56 50 92 198
4665 56 39 103 198
1760 55 99 44 198
4513 55 85 58 198
3583 55 52 91 198
1634 54 59 85 198
1517 54 57 87 198
2848 53 101 44 198
76 53 70 75 198
4736 52 78 68 198
2789 45 58 95 198
1753 45 56 97 198
1135 42 84 72 198
889 42 67 89 198
3117 35 53 110 198
2381 33 62 103 198
3209 22 112 64 198
4966 15 90 93 198
1075 94 61 42 197
4924 87 50 60 197
541 85 53 59 197
1707 84 62 51 197
2884 84 48 65 197
520 81 71 45 197
3514 78 57 62 197
3753 76 54 67 197
783 74 59 64 197
3529 73 38 86 197
2965 72 41 84 197
3866 71 55 71 197
3511 69 95 33 197
1869 68 69 60 197
663 68 65 64 197
2867 67 42 88 197
4215 65 54 78 197
534 64 71 62 197
2231 63 81 53 197
4856 62 57 78 197
2244 61 79 57 197
531 57 51 89 197
3023 54 45 98 197
344 49 70 78 197
2026 47 77 73 197
3566 46 99 52 197
501 45 92 60 197
2100 44 76 77 197
729 44 57 96 197
2320 43 67 87 197
839 38 94 65 197
4741 37 77 83 197
2369 36 47 114 197
1314 31 100 66 197
3641 23 92 82 197
4964 92 66 38 196
4679 90 38 68 196
2740 86 105 5 196
2705 85 54 57 196
1897 80 51 65 196
4706 79 53 64 196
995 78 81 37 196
1910 78 53 65 196
1492 78 41 77 196
457 74 74 48 196
3261 73 75 48 196
4404 73 71 52 196
2499 72 68 56 196
1194 69 22 105 196
4915 68 30 98 196
3659 66 85 45 196
1345 66 77 53 196
4026 65 66 65 196
4861 63 104 29 196
1375 60 53 83 196
61 58 77 61 196
3271 56 78 62 196
4004 54 77 65 196
4883 54 45 97 196
4415 52 110 34 196
311 46 85 65 196
1217 46 26 124 196
820 43 39 114 196
225 40 83 73 196
606 32 122 42 196
3784 32 79 85 196
2606 27 87 82 196
3562 19 40 137 196
4312 92 26 77 195
2826 89 43 63 195
4582 88 90 17 195
4141 87 76 32 195
563 86 111 -2 195
2684 82 49 64 195
2454 79 74 42 195
2890 77 43 75 195
717 76 47 72 195
1995 74 78 43 195
3752 74 62 59 195
2675 72 71 52 195
4360 71 51 73 195
393 70 81 44 195
3549 70 75 50 195
2408 70 53 72 195
2028 65 57 73 195
1315 64 79 52 195
4523 63 69 63 195
4189 59 56 80 195
2222 57 73 65 195
2083 57 71 67 195
2877 57 66 72 195
3086 56 86 53 195
2173 55 81 59 195
1558 55 47 93 195
2328 54 45 96 195
4749 53 79 63 195
1210 48 58 89 195
811 48 51 96 195
1216 47 86 62 195
427 46 72 77 195
1584 44 80 71 195
1043 40 127 28 195
1590 36 108 51 195
4818 31 85 79 195
2569 29 94 72 195
202 95 63 36 194
1452 88 64 42 194
85 84 49 61 194
1945 80 38 76 194
3508 76 68 50 194
1322 76 64 54 194
4482 76 49 69 194
861 74 25 95 194
4423 72 71 51 194
415 71 73 50 194
2335 71 60 63 194
1742 71 60 63 194
2578 68 90 36 194
3303 67 65 62 194
4486 67 50 77 194
2270 65 35 94 194
426 62 55 77 194
2427 61 73 60 194
4481 58 58 78 194
591 55 59 80 194
898 54 84 56 194
2078 53 68 73 194
4811 53 61 80 194
1717 52 53 89 194
3781 51 73 70 194
3225 50 93 51 194
1404 48 86 60 194
3365 48 44 102 194
1894 45 87 62 194
3404 42 93 59 194
3359 40 73 81 194
158 40 41 113 194
4633 38 48 108 194
4816 37 74 83 194
2557 37 42 115 194
3951 35 68 91 194
3252 33 91 70 194
2994 33 51 110 194
2672 31 54 109 194
3935 91 59 43 193
876 88 58 47 193
90 87 34 72 193
1163 83 71 39 193
1964 80 41 72 193
443 76 78 39 193
3985 75 55 63 193
3047 70 51 72 193
4030 66 85 42 193
4809 64 57 72 193
1104 62 70 61 193
4408 59 78 56 193
485 58 72 63 193
1318 56 47 90 193
4671 55 78 60 193
4603 53 101 39 193
3444 52 94 47 193
1182 52 81 60 193
4361 52 61 80 193
3020 50 82 61 193
3219 44 62 87 193
1613 42 51 100 193
3326 41 85 67 193
3826 35 88 70 193
749 35 59 99 193
3661 121 32 39 192
3477 101 41 50 192
4135 100 29 63 192
4567 94 66 32 192
3349 92 20 80 192
420 81 73 38 192
1536 80 42 70 192
1726 80 23 89 192
2148 76 26 90 192
264 69 75 48 192
1167 69 51 72 192
1245 66 34 92 192
1394 65 64 63 192
1972 57 61 74 192
1482 56 67 69 192
4376 48 86 58 192
1850 44 77 71 192
4755 43 88 61 192
2311 29 68 95 192
3133 21 101 70 192
2211 21 101 70 192
2484 6 87 99 192
4970 96 32 63 191
3611 94 68 29 191
2023 92 84 15 191
3803 90 43 58 191
4329 85 76 30 191
792 83 82 26 191
319 81 67 43 191
1350 78 61 52 191
2000 75 29 87 191
2145 74 61 56 191
4310 71 43 77 191
3400 68 70 53 191
3035 68 65 58 191
881 65 59 67 191
2473 62 43 86 191
4815 61 74 56 191
3167 61 64 66 191
480 60 28 103 191
83 58 69 64 191
2537 57 67 67 191
1258 56 92 43 191
1147 56 78 57 191
3946 34 64 93 191
4056 26 92 73 191
2062 15 76 100 191
1909 130 25 35 190
967 95 59 36 190
2460 92 69 29 190
4649 89 47 54 190
4248 85 56 49 190
895 80 69 41 190
3094 79 89 22 190
691 74 72 44 190
224 74 31 85 190
4823 72 82 36 190
955 72 57 61 190
381 68 86 36 190
832 65 48 77 190
627 64 30 96 190
704 60 32 98 190
3480 56 95 39 190
103 55 60 75 190
1121 55 35 100 190
3972 53 108 29 190
872 49 80 61 190
2079 45 79 66 190
1872 42 84 64 190
2010 38 75 77 190
3277 32 95 63 190
712 28 81 81 190
3030 26 88 76 190
365 26 77 87 190
2818 22 124 44 190
2093 103 63 23 189
3084 99 38 52 189
4208 96 42 51 189
4663 95 60 34 189
3187 94 71 24 189
2852 94 12 83 189
4847 86 64 39 189
27 85 94 10 189
3061 85 68 36 189
4174 77 98 14 189
4073 76 95 18 189
2714 74 37 78 189
4854 71 42 76 189
986 70 90 29 189
2216 70 43 76 189
4402 69 61 59 189
1923 68 70 51 189
3429 64 99 26 189
1302 64 67 58 189
4311 64 60 65 189
3973 63 58 68 189
1518 63 58 68 189
94 63 42 84 189
197 62 76 51 189
4684 59 84 46 189
2318 58 90 41 189
4375 58 74 57 189
3774 55 94 40 189
602 55 83 51 189
4550 53 75 61 189
3554 51 60 78 189
2410 48 47 94 189
2345 47 80 62 189
1122 47 76 66 189
3900 45 71 73 189
4398 44 76 69 189
305 43 61 85 189
4708 42 81 66 189
3626 41 90 58 189
1214 28 70 91 189
1679 27 63 99 189
988 21 85 83 189
2198 102 26 60 188
3617 97 49 42 188
2068 88 82 18 188
1047 88 49 51 188
4223 83 35 70 188
1255 81 53 54 188
4279 75 59 54 188
3324 75 50 63 188
2118 74 64 50 188
1023 73 80 35 188
2581 72 93 23 188
752 71 20 97 188
759 70 62 56 188
3559 68 61 59 188
4651 68 48 72 188
4980 68 47 73 188
841 65 51 72 188
4931 65 45 78 188
3736 63 63 62 188
129 63 56 69 188
368 61 90 37 188
3379 59 56 73 188
1628 56 88 44 188
4325 54 52 82 188
4655 54 43 91 188
1474 53 69 66 188
2650 53 50 85 188
2155 52 79 57 188
4554 52 63 73 188
2269 52 59 77 188
921 51 31 106 188
2082 50 92 46 188
2620 50 88 50 188
2073 48 66 74 188
3548 41 74 73 188
1490 40 63 85 188
221 36 66 86 188
330 35 76 77 188
471 33 51 104 188
3796 20 92 76 188
233 17 91 80 188
4462 10 98 80 188
2363 107 40 40 187
1074 99 34 54 187
3551 91 -2 98 187
469 90 68 29 187
3517 88 44 55 187
4468 81 35 71 187
4922 80 68 39 187
4247 78 74 35 187
2101 77 57 53 187
2399 75 79 33 187
2544 69 77 41 187
4958 68 65 54 187
159 63 56 68 187
1294 63 46 78 187
289 62 65 60 187
2230 61 76 50 187
3010 59 51 77 187
1334 57 70 60 187
2179 56 86 45 187
2167 53 82 52 187
4149 53 64 70 187
1131 49 82 56 187
1573 49 36 102 187
97 45 114 28 187
3940 26 83 78 187
1290 -5 126 66 187
242 110 40 36 186
1520 107 28 51 186
4493 103 28 55 186
1921 99 53 34 186
2359 90 65 31 186
4841 85 32 69 186
3587 84 56 46 186
4946 78 73 35 186
3664 75 27 84 186
3932 75 20 91 186
2075 74 62 50 186
3555 74 59 53 186
337 73 91 22 186
1273 70 67 49 186
911 70 39 77 186
1144 67 69 50 186
1413 61 68 57 186
446 59 56 71 186
3714 54 84 48 186
807 54 53 79 186
3563 53 53 80 186
2619 53 37 96 186
1153 50 74 62 186
1794 49 84 53 186
4718 48 69 69 186
1735 45 81 60 186
723 44 62 80 186
2940 44 56 86 186
4492 39 72 75 186
4313 38 89 59 186
2875 37 97 52 186
3702 34 65 87 186
1138 106 20 59 185
2787 102 67 16 185
4927 88 25 72 185
4627 86 56 43 185
3820 84 35 66 185
682 83 46 56 185
730 79 62 44 185
772 78 68 39 185
2946 75 89 21 185
835 74 79 32 185
2003 74 71 40 185
65 74 53 58 185
1769 74 37 74 185
1874 72 72 41 185
962 71 88 26 185
126 69 53 63 185
2851 66 54 65 185
2922 62 33 90 185
118 60 67 58 185
2280 59 82 44 185
145 53 101 31 185
3396 50 42 93 185
3280 46 82 57 185
1053 36 98 51 185
3091 34 81 70 185
150 26 65 94 185
637 24 101 60 185
1704 15 90 80 185
5000 93 51 40 184
4488 86 56 42 184
2031 85 76 23 184
4061 85 49 50 184
2904 84 41 59 184
2741 84 19 81 184
1369 80 81 23 184
2450 80 39 65 184
2716 70 79 35 184
3476 67 55 62 184
696 66 48 70 184
4520 63 66 55 184
2649 62 32 90 184
3224 59 84 41 184
2749 59 80 45 184
146 58 83 43 184
4575 58 59 67 184
2491 53 88 43 184
10 51 60 73 184
2704 49 57 78 184
3685 43 68 73 184
743 41 85 58 184
2099 37 93 54 184
2895 37 76 71 184
1889 31 75 78 184
3588 21 73 90 184
2243 94 53 36 183
2096 83 43 57 183
1436 81 43 59 183
3284 79 68 36 183
1230 71 44 68 183
1514 70 53 60 183
1240 69 77 37 183
1420 68 80 35 183
2788 64 49 70 183
3813 59 65 59 183
1979 57 84 42 183
1918 54 65 64 183
2540 54 61 68 183
3468 54 41 88 183
1012 53 32 98 183
505 51 76 56 183
3879 44 67 72 183
4950 40 88 55 183
1185 39 90 54 183
4354 38 78 67 183
4086 32 57 94 183
1815 30 76 77 183
4297 21 68 94 183
3376 21 67 95 183
4113 19 86 78 183
3682 0 95 88 183
2168 93 61 28 182
859 85 47 50 182
3941 83 50 49 182
3754 80 57 45 182
2819 78 73 31 182
475 73 61 48 182
2061 73 48 61 182
4088 71 57 54 182
2536 67 62 53 182
3836 67 44 71 182
2981 66 34 82 182
3977 61 36 85 182
685 59 96 27 182
210 58 73 51 182
2103 57 76 49 182
3245 56 78 48 182
3441 54 42 86 182
1528 52 58 72 182
4348 40 85 57 182
2290 31 95 56 182
2253 120 29 32 181
1017 89 48 44 181
586 89 35 57 181
944 87 25 69 181
4952 86 18 77 181
1414 85 50 46 181
2440 82 67 32 181
3461 78 50 53 181
678 74 35 72 181
190 72 57 52 181
2733 71 56 54 181
4636 71 24 86 181
3436 61 61 59 181
2506 60 59 62 181
2490 57 71 53 181
1967 53 51 77 181
271 50 37 94 181
1617 47 48 86 181
2340 46 88 47 181
3720 42 30 109 181
951 39 85 57 181
912 38 107 36 181
4593 37 67 77 181
1212 33 107 41 181
616 30 71 80 181
3218 91 48 41 180
771 89 18 73 180
1683 85 34 61 180
36 82 24 74 180
546 77 78 25 180
1173 77 53 50 180
2346 75 64 41 180
3779 71 49 60 180
2886 69 31 80 180
4002 68 63 49 180
790 67 108 5 180
4782 66 26 88 180
4760 66 17 97 180
1966 64 55 61 180
4646 58 90 32 180
2680 56 90 34 180
2228 55 58 67 180
504 52 62 66 180
2531 50 68 62 180
4933 50 54 76 180
1630 48 97 35 180
26 48 89 43 180
2261 43 69 68 180
4607 43 58 79 180
3761 40 80 60 180
1434 40 64 76 180
4849 36 125 19 180
2122 34 67 79 180
2905 27 82 71 180
4430 23 89 68 180
376 11 77 92 180
4870 108 35 36 179
2442 83 59 37 179
1137 78 73 28 179
3506 77 78 24 179
2566 74 79 26 179
673 74 37 68 179
4573 73 37 69 179
4214 71 49 59 179
401 69 61 49 179
3544 68 40 71 179
3325 67 58 54 179
3378 64 57 58 179
1110 64 56 59 179
4526 64 46 69 179
4919 63 69 47 179
387 59 60 60 179
2180 57 40 82 179
39 55 46 78 179
4525 52 97 30 179
41 47 36 96 179
2344 42 80 57 179
3695 38 54 87 179
3999 37 68 74 179
3863 24 92 63 179
3845 96 63 19 178
249 90 55 33 178
1458 89 51 38 178
3466 86 45 47 178
1259 86 42 50 178
2418 81 76 21 178
1756 81 43 54 178
1725 78 49 51 178
1934 76 57 45 178
4163 76 39 63 178
4444 73 68 37 178
2218 72 48 58 178
2532 71 99 8 178
2618 68 43 67 178
2669 67 51 60 178
1891 63 77 38 178
1162 63 71 44 178
1588 62 89 27 178
2250 61 50 67 178
4562 60 86 32 178
1365 60 43 75 178
2560 56 83 39 178
2390 56 66 56 178
4773 54 75 49 178
4123 54 58 66 178
1577 53 85 40 178
3250 50 37 91 178
1606 48 92 38 178
2263 48 59 71 178
1215 48 53 77 178
3690 42 49 87 178
100 37 80 61 178
3916 27 78 73 178
1958 24 70 84 178
2624 99 30 48 177
237 81 62 34 177
3363 80 86 11 177
1484 70 48 59 177
164 69 32 76 177
370 68 66 43 177
4095 68 42 67 177
1335 63 69 45 177
494 62 75 40 177
1415 60 55 62 177
5 59 24 94 177
2500 58 89 30 177
4643 58 54 65 177
1805 55 82 40 177
654 55 33 89 177
1035 53 60 64 177
1295 51 102 24 177
230 51 54 72 177
4954 51 52 74 177
1575 48 44 85 177
2310 47 70 60 177
1775 34 61 82 177
3867 102 24 50 176
741 93 5 78 176
2366 90 36 50 176
108 83 38 55 176
3658 80 75 21 176
1120 75 85 16 176
3858 73 52 51 176
2677 68 32 76 176
4250 67 71 38 176
3780 59 44 73 176
4288 56 74 46 176
805 55 37 84 176
1423 49 51 76 176
296 49 31 96 176
3487 48 47 81 176
4137 48 41 87 176
4460 47 57 72 176
4763 40 76 60 176
3595 39 46 91 176
4889 30 73 73 176
1947 29 94 53 176
1965 98 33 44 175
1351 93 46 36 175
267 87 32 56 175
3870 84 70 21 175
1237 75 58 42 175
3967 75 49 51 175
3127 74 76 25 175
890 72 42 61 175
2196 72 41 62 175
1561 69 58 48 175
2712 69 56 50 175
356 67 73 35 175
1667 66 87 22 175
740 64 81 30 175
594 62 72 41 175
4687 61 62 52 175
479 60 68 47 175
1645 60 52 63 175
2 60 47 68 175
1830 57 39 79 175
4424 53 71 51 175
641 52 82 41 175
4321 50 78 47 175
219 48 103 24 175
3327 46 44 85 175
1603 46 37 92 175
1754 41 74 60 175
4480 39 53 83 175
474 29 57 89 175
1723 96 35 43 174
1442 88 33 53 174
1607 86 79 9 174
226 79 65 30 174
4776 79 30 65 174
3924 77 82 15 174
93 77 45 52 174
2412 73 92 9 174
1489 71 26 77 174
2276 62 45 67 174
3691 59 32 83 174
1731 56 76 42 174
4489 54 91 29 174
4464 52 64 58 174
770 51 52 71 174
3361 49 54 71 174
1774 43 40 91 174
2223 42 72 60 174
2415 42 68 64 174
3160 42 43 89 174
2988 40 69 65 174
1151 39 40 95 174
1407 32 71 71 174
298 30 68 76 174
4340 105 68 0 173
234 89 33 51 173
2713 83 49 41 173
3279 80 44 49 173
540 79 38 56 173
2565 79 19 75 173
3945 78 49 46 173
92 77 109 -13 173
346 77 33 63 173
4876 77 25 71 173
4196 73 66 34 173
1037 73 43 57 173
4862 71 68 34 173
2202 69 66 38 173
3762 69 50 54 173
1382 65 38 70 173
3169 62 67 44 173
1817 61 57 55 173
538 59 57 57 173
3748 57 57 59 173
1832 57 40 76 173
1086 56 62 55 173
4173 55 68 50 173
419 54 71 48 173
4929 51 55 67 173
2959 50 65 58 173
1360 50 53 70 173
2933 44 102 27 173
3309 40 45 88 173
4624 30 77 66 173
1380 29 58 86 173
3743 103 28 41 172
779 83 58 31 172
307 80 38 54 172
2816 77 42 53 172
1106 77 39 56 172
3928 71 70 31 172
4419 69 70 33 172
1058 65 49 58 172
4082 60 72 40 172
2950 59 64 49 172
3707 57 49 66 172
2729 56 62 54 172
2771 55 56 61 172
4974 54 47 71 172
1598 53 82 37 172
414 51 66 55 172
3961 50 47 75 172
3623 49 32 91 172
1330 44 99 29 172
3118 42 46 84 172
2574 39 65 68 172
2985 28 78 66 172
4260 23 74 75 172
3124 88 76 7 171
2726 88 34 49 171
738 87 36 48 171
4456 82 29 60 171
4181 79 68 24 171
2899 78 33 60 171
3937 76 36 59 171
2692 75 76 20 171
1951 74 38 59 171
173 68 77 26 171
1622 68 35 68 171
2743 66 50 55 171
430 52 67 52 171
620 52 58 61 171
862 50 32 89 171
2921 47 59 65 171
3371 46 70 55 171
2343 40 58 73 171
4324 35 50 86 171
571 33 64 74 171
2108 24 64 83 171
3724 23 74 74 171
1323 23 67 81 171
860 22 79 70 171
4389 19 94 58 171
4986 16 65 90 171
1036 95 34 41 170
4779 91 55 24 170
4957 87 59 24 170
2564 78 108 -16 170
2613 75 43 52 170
4813 73 54 43 170
175 72 65 33 170
3666 63 62 45 170
4152 58 38 74 170
4043 55 45 70 170
4335 53 83 34 170
4804 49 70 51 170
4416 46 88 36 170
3990 43 61 66 170
49 43 35 92 170
931 42 36 92 170
3683 39 81 50 170
1280 32 83 55 170
1014 30 71 69 170
2268 25 105 40 170
3995 91 79 -1 169
3243 88 71 10 169
2358 86 41 42 169
517 84 50 35 169
2694 84 28 57 169
2361 80 44 45 169
2354 76 70 23 169
4745 71 55 43 169
2562 70 55 44 169
133 69 81 19 169
2329 69 55 45 169
878 67 86 16 169
1346 67 49 53 169
4301 64 86 19 169
1828 62 38 69 169
3344 61 72 36 169
4158 55 47 67 169
3246 53 51 65 169
1440 47 74 48 169
4167 43 87 39 169
3887 39 35 95 169
3336 38 76 55 169
4129 33 93 43 169
1505 33 61 75 169
560 25 91 53 169
2255 21 51 97 169
4951 87 53 28 168
2996 87 45 36 168
4685 87 37 44 168
4435 76 37 55 168
727 72 77 19 168
1271 72 17 79 168
4789 70 70 28 168
2599 69 54 45 168
1831 64 54 50 168
2724 57 42 69 168
4042 55 79 34 168
180 53 62 53 168
3886 53 28 87 168
4574 49 43 76 168
1824 42 51 75 168
1992 40 85 43 168
4012 36 86 46 168
1119 36 83 49 168
2512 18 97 53 168
1416 17 103 48 168
3579 85 19 63 167
1907 78 40 49 167
2833 74 71 22 167
4563 73 35 59 167
4542 68 27 72 167
4766 66 35 66 167
3865 60 44 63 167
4199 58 71 38 167
3821 57 70 40 167
1297 54 62 51 167
870 44 62 61 167
3355 44 61 62 167
1777 44 49 74 167
1535 42 61 64 167
421 39 77 51 167
2157 35 71 61 167
4328 34 81 52 167
3838 33 65 69 167
3259 32 85 50 167
1362 25 72 70 167
1801 23 63 81 167
1488 79 59 28 166
2282 66 85 15 166
2530 60 78 28 166
1785 58 39 69 166
2840 57 89 20 166
545 56 71 39 166
3083 50 50 66 166
4239 50 30 86 166
2467 35 97 34 166
3488 20 47 99 166
1251 18 90 58 166
4449 12 93 61 166
57 78 37 50 165
1363 72 35 58 165
4767 67 12 86 165
4936 65 48 52 165
767 64 54 47 165
2278 64 30 71 165
3728 61 52 52 165
3287 60 48 57 165
776 58 54 53 165
855 54 34 77 165
1497 47 53 65 165
1133 47 45 73 165
2930 46 41 78 165
268 45 78 42 165
3397 45 60 60 165
2983 45 26 94 165
1268 35 77 53 165
1578 34 60 71 165
2872 24 100 41 165
199 22 75 68 165
351 82 63 19 164
2906 78 44 42 164
3574 77 18 69 164
3262 63 40 61 164
4543 61 51 52 164
4427 56 42 66 164
2589 46 70 48 164
1432 45 75 44 164
1029 24 55 85 164
2292 23 59 82 164
2137 22 48 94 164
1443 21 79 64 164
1465 89 16 58 163
3824 72 57 34 163
4891 61 64 38 163
4393 56 60 47 163
435 54 89 20 163
4150 51 99 13 163
3475 50 71 42 163
968 49 98 16 163
4094 48 72 43 163
3655 48 49 66 163
1376 45 57 61 163
1504 44 23 96 163
2092 43 81 39 163
744 34 60 69 163
4065 33 98 32 163
2711 22 101 40 163
1782 9 90 64 163
364 82 22 58 162
418 76 66 20 162
484 76 10 76 162
3599 75 69 18 162
1858 70 39 53 162
3731 68 46 48 162
4955 62 49 51 162
1321 62 39 61 162
1638 61 42 59 162
3292 59 28 75 162
4399 58 46 58 162
1711 57 76 29 162
1762 54 12 96 162
80 51 45 66 162
3474 50 44 68 162
1502 49 81 32 162
842 48 92 22 162
4246 47 60 55 162
1873 45 -3 120 162
4205 42 56 64 162
4320 42 54 66 162
701 42 36 84 162
3333 36 61 65 162
3833 30 70 62 162
3339 22 92 48 162
874 91 36 34 161
2683 80 46 35 161
4963 68 55 38 161
1915 54 79 28 161
2514 54 37 70 161
254 50 57 54 161
916 50 55 56 161
4452 50 22 89 161
3593 48 68 45 161
3614 40 37 84 161
1758 33 66 62 161
2411 77 66 17 160
4160 75 37 48 160
1901 59 49 52 160
2203 57 43 60 160
2935 57 35 68 160
4506 52 53 55 160
2299 50 52 58 160
4638 42 53 65 160
666 42 34 84 160
909 35 71 54 160
4383 32 34 94 160
216 30 79 51 160
2284 24 74 62 160
4005 71 52 36 159
693 66 64 29 159
1620 66 56 37 159
3893 61 73 25 159
1793 61 33 65 159
3615 56 40 63 159
3244 46 59 54 159
58 41 70 48 159
4314 40 75 44 159
4770 39 66 54 159
2505 37 57 65 159
2111 22 74 63 159
2991 86 29 43 158
2065 80 50 28 158
4202 77 29 52 158
4677 70 56 32 158
836 66 40 52 158
934 65 17 76 158
3805 61 31 66 158
1655 57 71 30 158
4198 57 51 50 158
1092 56 77 25 158
3101 52 66 40 158
2549 51 54 53 158
2636 51 39 68 158
2662 50 40 68 158
4828 40 62 56 158
2153 39 89 30 158
2494 31 66 61 158
4553 99 52 6 157
4142 75 45 37 157
550 68 28 61 157
557 67 57 33 157
2748 65 28 64 157
2258 59 30 68 157
1447 58 89 10 157
467 57 61 39 157
3590 55 50 52 157
4457 54 88 15 157
2448 54 23 80 157
2803 49 63 45 157
4433 48 48 61 157
4438 44 16 97 157
2953 42 67 48 157
4447 41 60 56 157
1311 29 115 13 157
1666 27 80 50 157
2755 2 70 85 157
1406 68 40 48 156
756 62 22 72 156
167 60 61 35 156
4729 57 51 48 156
2687 57 31 68 156
1671 46 30 80 156
4144 41 31 84 156
4471 39 70 47 156
2667 33 58 65 156
1083 95 48 12 155
4678 75 28 52 155
130 66 45 44 155
4221 57 48 50 155
3375 50 40 65 155
1244 40 28 87 155
1445 36 53 66 155
243 30 60 65 155
2004 28 87 40 155
4774 27 56 72 155
2097 21 60 74 155
1816 20 46 89 155
3343 78 67 9 154
4047 76 41 37 154
2640 69 38 47 154
590 67 23 64 154
2072 53 26 75 154
4788 46 43 65 154
1674 45 76 33 154
2868 42 62 50 154
2481 40 57 57 154
4812 38 101 15 154
2585 38 58 58 154
1948 31 55 68 154
1283 28 62 64 154
1859 14 55 85 154
1298 83 25 45 153
884 68 12 73 153
3523 65 26 62 153
71 58 51 44 153
3238 54 74 25 153
4127 44 31 78 153
1127 43 31 79 153
327 36 88 29 153
1381 35 24 94 153
2377 93 22 37 152
1439 82 13 57 152
206 80 55 17 152
815 77 34 41 152
555 56 23 73 152
3629 55 32 65 152
1333 54 28 70 152
1039 52 41 59 152
2980 50 60 42 152
2622 46 82 24 152
1087 46 62 44 152
3345 43 47 62 152
4058 33 48 71 152
2048 6 50 96 152
589 77 9 65 151
2554 73 55 23 151
3545 72 42 37 151
1508 65 37 49 151
1676 53 82 16 151
3044 51 45 55 151
1963 50 70 31 151
1411 45 23 83 151
4668 41 65 45 151
1654 33 57 61 151
1195 30 75 46 151
2961 67 30 53 150
4584 42 35 73 150
1887 41 45 64 150
3088 37 57 56 150
535 33 43 74 150
4824 31 42 77 150
4615 28 68 54 150
1213 10 109 31 150
2951 81 23 45 149
2436 77 20 52 149
4942 68 68 13 149
893 55 70 24 149
1205 50 54 45 149
661 41 49 59 149
542 32 82 35 149
656 26 68 55 149
1931 17 63 69 149
4220 8 92 49 149
1997 92 40 16 148
4693 85 26 37 148
2730 76 23 49 148
3098 56 29 63 148
1109 38 22 88 148
432 36 55 57 148
312 36 20 92 148
2001 35 24 89 148
3364 34 65 49 148
1757 31 60 57 148
1405 29 23 96 148
1480 23 49 76 148
892 86 29 32 147
3337 70 -5 82 147
1694 67 60 20 147
3584 63 36 48 147
1174 59 43 45 147
2889 48 70 29 147
1457 48 62 37 147
3798 25 59 63 147
3502 22 30 95 147
3501 14 66 67 147
1238 62 70 14 146
4522 49 46 51 146
1393 49 46 51 146
3268 43 66 37 146
3705 11 79 56 146
4203 67 29 49 145
193 64 45 36 145
3998 64 23 58 145
3267 61 44 40 145
2828 46 40 59 145
901 45 55 45 145
4240 33 61 51 145
2777 21 65 59 145
583 72 47 25 144
2775 71 40 33 144
287 71 39 34 144
1232 63 18 63 144
1792 59 59 26 144
4479 55 24 65 144
1807 53 35 56 144
54 52 28 64 144
2239 46 64 34 144
726 37 49 58 144
1800 34 93 17 144
619 34 77 33 144
3718 31 83 30 144
4024 77 19 47 143
1893 68 49 26 143
1063 55 44 44 143
422 46 54 43 143
983 46 28 69 143
987 40 69 34 143
1544 24 16 103 143
4420 66 33 43 142
1649 66 30 46 142
28 63 34 45 142
3533 51 52 39 142
2133 78 72 -9 141
615 76 15 50 141
42 59 42 40 141
1716 52 32 57 141
1057 33 68 40 141
252 28 71 42 141
112 25 39 77 141
1483 23 73 45 141
1983 16 45 80 141
4148 71 49 20 140
273 57 51 32 140
649 52 37 51 140
1799 51 17 72 140
2643 48 8 84 140
2339 46 54 40 140
3519 40 12 88 140
4350 60 20 59 139
4213 48 22 69 139
1115 44 70 25 139
2689 44 30 65 139
3417 26 43 70 139
1969 39 54 45 138
3108 37 2 99 138
4029 36 56 46 138
4531 35 55 48 138
2810 33 71 34 138
4243 31 33 74 138
303 12 71 55 138
4317 52 75 10 137
3942 40 50 47 137
1914 40 40 57 137
3944 25 24 88 137
518 23 60 54 137
4349 8 77 52 137
3802 -4 66 75 137
367 92 24 20 136
3350 68 20 48 136
4440 60 12 64 136
2522 52 51 33 136
3386 50 45 41 136
1224 44 45 47 136
1089 42 29 65 136
2376 38 27 71 136
3513 37 47 52 136
2931 37 16 83 136
2795 4 38 94 136
4106 75 40 20 135
885 72 14 49 135
3950 70 33 32 135
1188 64 48 23 135
4882 59 47 29 135
1659 38 63 34 135
450 26 52 57 135
2232 70 21 43 134
3700 63 22 49 134
2869 43 45 46 134
794 43 31 60 134
140 33 34 67 134
1209 19 81 34 134
3148 64 52 17 133
4717 55 54 24 133
2296 52 44 37 133
2246 34 65 34 133
4821 34 36 63 133
403 33 70 30 133
1096 26 57 50 133
3651 5 76 52 133
3846 36 88 8 132
4178 26 61 45 132
2623 24 57 51 132
925 17 40 75 132
2864 49 48 34 131
4610 51 16 63 130
1771 38 52 40 130
972 7 54 69 130
2466 76 29 24 129
2761 50 21 58 129
3019 16 74 39 129
16 58 28 42 128
2898 43 28 57 128
3693 41 22 65 128
1560 38 55 35 128
4899 21 65 42 128
1708 2 76 50 128
4185 27 51 49 127
4909 52 37 37 126
4911 46 56 23 125
966 24 16 85 125
1395 17 83 25 125
3765 8 89 28 125
3857 54 26 44 124
4294 42 58 24 124
4287 79 -10 54 123
1843 58 45 20 123
3948 31 44 48 123
1920 29 43 51 123
492 12 57 54 123
1168 3 50 70 123
3440 68 19 35 122
1128 50 38 34 122
4858 16 60 46 122
127 42 61 18 121
899 23 29 69 121
60 48 12 60 120
4391 41 61 18 120
4814 11 44 65 120
3367 6 45 69 120
1996 43 39 37 119
4977 65 24 29 118
4281 56 35 27 118
2756 14 111 -7 118
2360 44 2 71 117
3351 26 83 8 117
4252 26 31 60 117
2841 16 36 65 117
1559 25 42 49 116
928 13 37 65 115
1924 67 32 15 114
4589 38 48 28 114
2902 6 65 43 114
1468 47 31 35 113
2400 37 37 39 113
1359 20 56 37 113
1739 62 0 50 112
2720 34 -1 79 112
605 72 32 7 111
4536 13 80 18 111
3 9 53 49 111
4692 58 45 6 109
4549 22 52 35 109
3358 102 -6 12 108
2513 18 39 50 107
2091 16 18 72 106
949 81 29 -6 104
3669 68 36 0 104
795 43 28 31 102
2160 37 53 8 98
3931 14 23 55 92
1809 40 70 -23 87
1320 33 51 1 85
472 72 -7 18 83
3606 57 15 10 82
2006 21 49 10 80
3827 46 -1 32 77
3564 43 37 -4 76
2128 29 8 38 75
4803 19 46 9 74
1061 17 11 45 73
