1 74 67 87 228
2 60 47 68 175
3 9 53 49 111
4 83 87 99 269
5 59 24 94 177
6 111 72 49 232
7 109 101 73 283
8 89 89 75 253
9 91 54 60 205
10 51 60 73 184
11 75 113 60 248
12 85 83 89 257
13 87 31 105 223
14 85 96 81 262
15 67 56 81 204
16 58 28 42 128
17 84 70 70 224
18 71 97 36 204
19 33 68 99 200
20 73 91 70 234
21 73 125 104 302
22 128 76 70 274
23 98 97 77 272
24 79 86 79 244
25 128 57 57 242
26 48 89 43 180
27 85 94 10 189
28 63 34 45 142
29 64 83 77 224
30 70 105 75 250
31 85 51 75 211
32 51 99 89 239
33 85 136 82 303
34 83 91 79 253
35 60 107 95 262
36 82 24 74 180
37 118 58 111 287
38 77 74 90 241
39 55 46 78 179
40 74 77 99 250
41 47 36 96 179
42 59 42 40 141
43 126 76 81 283
44 97 58 69 224
45 84 78 70 232
46 86 81 40 207
47 90 127 78 295
48 93 49 85 227
49 43 35 92 170
50 107 98 84 289
51 57 91 114 262
52 100 92 61 253
53 116 96 68 280
54 52 28 64 144
55 140 123 66 329
56 99 86 56 241
57 78 37 50 165
58 41 70 48 159
59 91 109 101 301
60 48 12 60 120
61 58 77 61 196
62 43 121 74 238
63 104 76 90 270
64 83 76 68 227
65 74 53 58 185
66 94 109 90 293
67 98 123 55 276
68 46 85 104 235
69 80 120 10 210
70 71 117 70 258
71 58 51 44 153
72 81 78 73 232
73 95 67 70 232
74 77 70 88 235
75 88 76 53 217
76 53 70 75 198
77 57 112 147 316
78 112 84 72 268
79 97 77 121 295
80 51 45 66 162
81 88 60 110 258
82 92 78 100 270
83 58 69 64 191
84 105 110 44 259
85 84 49 61 194
86 100 37 87 224
87 110 91 39 240
88 67 76 80 223
89 74 50 78 202
90 87 34 72 193
91 105 113 70 288
92 77 109 -13 173
93 77 45 52 174
94 63 42 84 189
95 74 71 68 213
96 56 119 31 206
97 45 114 28 187
98 127 86 82 295
99 80 79 63 222
100 37 80 61 178
101 68 71 114 253
102 92 74 82 248
103 55 60 75 190
104 110 100 109 319
105 65 96 89 250
106 79 73 125 277
107 82 68 117 267
108 83 38 55 176
109 95 41 76 212
110 31 99 85 215
111 74 56 70 200
112 25 39 77 141
113 100 58 51 209
114 83 71 92 246
115 52 93 60 205
116 53 109 43 205
117 81 80 99 260
118 60 67 58 185
119 66 95 137 298
120 63 61 97 221
121 61 87 69 217
122 83 61 74 218
123 66 80 81 227
124 120 88 123 331
125 67 78 53 198
126 69 53 63 185
127 42 61 18 121
128 86 106 83 275
129 63 56 69 188
130 66 45 44 155
131 71 63 69 203
132 49 60 105 214
133 69 81 19 169
134 88 115 93 296
135 70 94 106 270
136 91 75 81 247
137 86 77 67 230
138 97 107 125 329
139 95 58 83 236
140 33 34 67 134
141 78 110 64 252
142 94 105 66 265
143 80 66 105 251
144 49 58 93 200
145 53 101 31 185
146 58 83 43 184
147 59 88 118 265
148 74 86 79 239
149 77 86 128 291
150 26 65 94 185
151 88 72 67 227
152 141 73 76 290
153 87 102 72 261
154 84 48 88 220
155 113 57 59 229
156 75 101 49 225
157 101 88 63 252
158 40 41 113 194
159 63 56 68 187
160 105 56 59 220
161 96 92 42 230
162 74 90 122 286
163 80 49 75 204
164 69 32 76 177
165 89 92 18 199
166 91 51 87 229
167 60 61 35 156
168 86 87 139 312
169 68 145 80 293
170 97 24 110 231
171 74 92 89 255
172 105 67 40 212
173 68 77 26 171
174 132 73 31 236
175 72 65 33 170
176 119 40 48 207
177 117 60 64 241
178 99 43 93 235
179 88 93 74 255
180 53 62 53 168
181 87 95 66 248
182 71 112 35 218
183 89 107 51 247
184 129 104 67 300
185 58 93 97 248
186 55 75 75 205
187 47 73 105 225
188 34 93 108 235
189 66 70 74 210
190 72 57 52 181
191 63 77 111 251
192 70 87 71 228
193 64 45 36 145
194 54 109 127 290
195 103 47 88 238
196 74 102 22 198
197 62 76 51 189
198 52 105 94 251
199 22 75 68 165
200 104 114 32 250
201 74 54 132 260
202 95 63 36 194
203 60 85 96 241
204 48 104 71 223
205 85 97 37 219
206 80 55 17 152
207 73 70 71 214
208 114 41 85 240
209 55 68 114 237
210 58 73 51 182
211 84 77 68 229
212 56 69 120 245
213 58 90 117 265
214 97 71 68 236
215 120 82 54 256
216 30 79 51 160
217 84 69 95 248
218 48 83 123 254
219 48 103 24 175
220 94 78 46 218
221 36 66 86 188
222 63 70 75 208
223 49 57 124 230
224 74 31 85 190
225 40 83 73 196
226 79 65 30 174
227 98 89 64 251
228 71 87 120 278
229 75 89 77 241
230 51 54 72 177
231 44 89 79 212
232 55 103 97 255
233 17 91 80 188
234 89 33 51 173
235 63 84 81 228
236 94 63 52 209
237 81 62 34 177
238 61 51 117 229
239 121 57 73 251
240 87 56 67 210
241 77 85 81 243
242 110 40 36 186
243 30 60 65 155
244 59 99 113 271
245 169 72 94 335
246 81 121 75 277
247 74 65 99 238
248 97 57 49 203
249 90 55 33 178
250 94 89 68 251
251 109 88 39 236
252 28 71 42 141
253 87 63 80 230
254 50 57 54 161
255 94 106 74 274
256 50 53 102 205
257 43 93 96 232
258 62 62 111 235
259 113 48 104 265
260 61 95 102 258
261 84 87 119 290
262 94 103 27 224
263 38 125 70 233
264 69 75 48 192
265 107 60 50 217
266 86 110 97 293
267 87 32 56 175
268 45 78 42 165
269 101 114 80 295
270 88 98 81 267
271 50 37 94 181
272 38 147 80 265
273 57 51 32 140
274 37 103 68 208
275 114 38 97 249
276 39 65 99 203
277 65 60 126 251
278 53 79 79 211
279 95 90 78 263
280 140 48 39 227
281 102 58 76 236
282 9 101 96 206
283 111 83 77 271
284 73 102 91 266
285 70 72 80 222
286 70 35 119 224
287 71 39 34 144
288 90 49 87 226
289 62 65 60 187
290 69 139 95 303
291 96 88 49 233
292 88 85 96 269
293 81 110 73 264
294 65 108 38 211
295 79 113 78 270
296 49 31 96 176
297 74 65 99 238
298 30 68 76 174
299 76 89 79 244
300 85 60 67 212
301 106 41 72 219
302 95 106 80 281
303 12 71 55 138
304 85 73 71 229
305 43 61 85 189
306 73 76 96 245
307 80 38 54 172
308 101 71 105 277
309 65 77 102 244
310 103 79 83 265
311 46 85 65 196
312 36 20 92 148
313 82 103 69 254
314 97 93 88 278
315 86 115 74 275
316 110 96 70 276
317 77 123 58 258
318 48 92 79 219
319 81 67 43 191
320 110 42 55 207
321 71 96 74 241
322 33 107 65 205
323 92 117 97 306
324 62 118 67 247
325 72 89 90 251
326 96 87 74 257
327 36 88 29 153
328 90 82 120 292
329 64 75 72 211
330 35 76 77 188
331 82 99 77 258
332 56 84 73 213
333 97 49 98 244
334 82 91 70 243
335 56 94 63 213
336 71 98 113 282
337 73 91 22 186
338 122 12 75 209
339 91 75 74 240
340 60 94 128 282
341 74 98 50 222
342 70 63 65 198
343 92 74 86 252
344 49 70 78 197
345 83 75 100 258
346 77 33 63 173
347 108 79 88 275
348 124 89 99 312
349 68 86 99 253
350 99 58 58 215
351 82 63 19 164
352 96 106 66 268
353 38 116 70 224
354 62 136 74 272
355 114 71 119 304
356 67 73 35 175
357 61 70 97 228
358 42 71 117 230
359 59 119 43 221
360 63 79 94 236
361 54 98 70 222
362 95 66 65 226
363 83 74 99 256
364 82 22 58 162
365 26 77 87 190
366 64 79 78 221
367 92 24 20 136
368 61 90 37 188
369 98 59 69 226
370 68 66 43 177
371 124 80 25 229
372 123 38 108 269
373 70 48 105 223
374 84 67 106 257
375 94 115 81 290
376 11 77 92 180
377 26 77 120 223
378 132 117 69 318
379 86 108 86 280
380 82 86 100 268
381 68 86 36 190
382 58 85 76 219
383 84 98 62 244
384 53 88 84 225
385 115 110 90 315
386 69 92 84 245
387 59 60 60 179
388 113 127 49 289
389 103 115 93 311
390 86 48 77 211
391 63 85 91 239
392 94 32 95 221
393 70 81 44 195
394 47 118 95 260
395 77 110 50 237
396 64 73 77 214
397 114 131 63 308
398 94 61 97 252
399 47 65 100 212
400 118 64 78 260
401 69 61 49 179
402 88 45 86 219
403 33 70 30 133
404 58 80 89 227
405 96 52 101 249
406 79 118 40 237
407 70 95 113 278
408 83 83 66 232
409 49 104 86 239
410 96 94 84 274
411 98 70 77 245
412 131 100 22 253
413 43 96 92 231
414 51 66 55 172
415 71 73 50 194
416 90 43 77 210
417 78 78 73 229
418 76 66 20 162
419 54 71 48 173
420 81 73 38 192
421 39 77 51 167
422 46 54 43 143
423 75 72 106 253
424 112 44 106 262
425 103 96 57 256
426 62 55 77 194
427 46 72 77 195
428 111 55 85 251
429 101 65 83 249
430 52 67 52 171
431 101 76 80 257
432 36 55 57 148
433 77 91 95 263
434 67 80 85 232
435 54 89 20 163
436 76 62 77 215
437 48 100 62 210
438 82 81 83 246
439 84 129 37 250
440 78 38 113 229
441 128 68 65 261
442 55 60 90 205
443 76 78 39 193
444 88 87 91 266
445 52 118 69 239
446 59 56 71 186
447 39 116 97 252
448 95 37 104 236
449 55 115 52 222
450 26 52 57 135
451 92 105 39 236
452 57 86 119 262
453 99 90 86 275
454 52 86 96 234
455 114 119 96 329
456 72 83 120 275
457 74 74 48 196
458 81 76 89 246
459 70 59 71 200
460 74 101 112 287
461 89 104 98 291
462 63 99 101 263
463 58 72 92 222
464 89 83 76 248
465 71 86 74 231
466 47 83 80 210
467 57 61 39 157
468 97 88 72 257
469 90 68 29 187
470 85 85 85 255
471 33 51 104 188
472 72 -7 18 83
473 73 123 77 273
474 29 57 89 175
475 73 61 48 182
476 70 72 89 231
477 85 74 72 231
478 46 95 86 227
479 60 68 47 175
480 60 28 103 191
481 90 85 80 255
482 114 45 61 220
483 110 53 89 252
484 76 10 76 162
485 58 72 63 193
486 95 123 47 265
487 98 86 73 257
488 75 78 62 215
489 116 91 80 287
490 123 119 44 286
491 61 91 51 203
492 12 57 54 123
493 98 47 87 232
494 62 75 40 177
495 77 130 59 266
496 104 90 59 253
497 69 115 82 266
498 111 81 97 289
499 58 57 92 207
500 75 99 77 251
501 45 92 60 197
502 70 59 76 205
503 97 121 41 259
504 52 62 66 180
505 51 76 56 183
506 90 104 81 275
507 105 106 71 282
508 62 111 62 235
509 68 83 92 243
510 84 93 68 245
511 87 85 75 247
512 126 49 74 249
513 59 83 114 256
514 99 59 115 273
515 87 94 102 283
516 99 116 89 304
517 84 50 35 169
518 23 60 54 137
519 95 65 78 238
520 81 71 45 197
521 103 86 104 293
522 84 89 103 276
523 47 101 102 250
524 123 63 75 261
525 106 81 86 273
526 55 86 97 238
527 82 46 70 198
528 130 72 68 270
529 100 89 89 278
530 123 62 90 275
531 57 51 89 197
532 62 120 83 265
533 66 124 98 288
534 64 71 62 197
535 33 43 74 150
536 125 104 85 314
537 83 109 38 230
538 59 57 57 173
539 77 82 66 225
540 79 38 56 173
541 85 53 59 197
542 32 82 35 149
543 60 47 100 207
544 67 105 89 261
545 56 71 39 166
546 77 78 25 180
547 118 71 85 274
548 68 93 94 255
549 71 110 41 222
550 68 28 61 157
551 108 76 100 284
552 68 85 79 232
553 81 84 73 238
554 97 72 55 224
555 56 23 73 152
556 91 52 59 202
557 67 57 33 157
558 84 70 79 233
559 79 46 113 238
560 25 91 53 169
561 106 85 47 238
562 56 69 76 201
563 86 111 -2 195
564 97 94 79 270
565 103 87 89 279
566 60 98 112 270
567 85 125 74 284
568 98 79 71 248
569 86 64 131 281
570 75 97 59 231
571 33 64 74 171
572 90 54 69 213
573 85 25 113 223
574 104 101 74 279
575 91 110 47 248
576 83 76 55 214
577 48 70 93 211
578 38 104 58 200
579 120 33 125 278
580 64 109 105 278
581 126 59 80 265
582 99 46 80 225
583 72 47 25 144
584 107 82 97 286
585 56 101 71 228
586 89 35 57 181
587 60 89 73 222
588 84 24 97 205
589 77 9 65 151
590 67 23 64 154
591 55 59 80 194
592 77 66 75 218
593 118 85 100 303
594 62 72 41 175
595 71 64 101 236
596 110 71 65 246
597 70 79 68 217
598 86 127 79 292
599 116 45 95 256
600 104 49 100 253
601 31 68 104 203
602 55 83 51 189
603 48 70 100 218
604 87 66 47 200
605 72 32 7 111
606 32 122 42 196
607 87 96 76 259
608 68 102 122 292
609 67 105 117 289
610 77 58 78 213
611 81 68 83 232
612 97 95 51 243
613 91 70 75 236
614 89 98 98 285
615 76 15 50 141
616 30 71 80 181
617 31 95 126 252
618 132 51 41 224
619 34 77 33 144
620 52 58 61 171
621 103 87 78 268
622 105 76 54 235
623 72 62 95 229
624 112 84 67 263
625 99 108 74 281
626 86 63 52 201
627 64 30 96 190
628 89 73 137 299
629 65 96 70 231
630 52 66 86 204
631 126 38 99 263
632 89 73 89 251
633 88 117 89 294
634 63 77 68 208
635 87 50 102 239
636 60 69 69 198
637 24 101 60 185
638 54 82 82 218
639 54 99 61 214
640 120 74 63 257
641 52 82 41 175
642 90 72 106 268
643 43 103 80 226
644 93 88 70 251
645 85 66 59 210
646 109 109 88 306
647 62 91 90 243
648 57 81 80 218
649 52 37 51 140
650 95 36 71 202
651 108 103 66 277
652 77 88 57 222
653 60 64 74 198
654 55 33 89 177
655 103 71 85 259
656 26 68 55 149
657 77 83 102 262
658 110 103 63 276
659 60 119 68 247
660 92 68 58 218
661 41 49 59 149
662 73 79 63 215
663 68 65 64 197
664 73 86 63 222
665 108 48 63 219
666 42 34 84 160
667 90 84 77 251
668 76 118 70 264
669 136 71 57 264
670 62 97 64 223
671 60 82 64 206
672 134 48 93 275
673 74 37 68 179
674 62 111 62 235
675 96 96 104 296
676 82 29 89 200
677 82 89 90 261
678 74 35 72 181
679 57 68 74 199
680 55 59 86 200
681 87 75 99 261
682 83 46 56 185
683 69 71 74 214
684 45 119 69 233
685 59 96 27 182
686 84 83 91 258
687 93 101 64 258
688 88 75 58 221
689 58 102 129 289
690 65 100 48 213
691 74 72 44 190
692 119 46 93 258
693 66 64 29 159
694 130 88 79 297
695 63 140 109 312
696 66 48 70 184
697 86 31 95 212
698 92 76 111 279
699 72 92 36 200
700 78 65 65 208
701 42 36 84 162
702 62 89 109 260
703 79 70 65 214
704 60 32 98 190
705 110 101 44 255
706 75 92 63 230
707 107 60 69 236
708 88 56 66 210
709 111 25 99 235
710 84 68 76 228
711 79 39 105 223
712 28 81 81 190
713 111 58 112 281
714 117 46 42 205
715 93 106 48 247
716 92 86 87 265
717 76 47 72 195
718 89 89 49 227
719 130 28 66 224
720 47 75 93 215
721 91 104 119 314
722 93 92 79 264
723 44 62 80 186
724 47 64 100 211
725 66 68 75 209
726 37 49 58 144
727 72 77 19 168
728 99 67 67 233
729 44 57 96 197
730 79 62 44 185
731 74 96 58 228
732 108 70 97 275
733 73 66 85 224
734 52 111 43 206
735 94 50 68 212
736 112 50 57 219
737 108 37 92 237
738 87 36 48 171
739 87 90 73 250
740 64 81 30 175
741 93 5 78 176
742 79 58 93 230
743 41 85 58 184
744 34 60 69 163
745 84 52 81 217
746 118 86 39 243
747 93 108 82 283
748 68 122 81 271
749 35 59 99 193
750 107 100 96 303
751 105 14 79 198
752 71 20 97 188
753 75 78 80 233
754 102 67 93 262
755 96 82 72 250
756 62 22 72 156
757 34 109 62 205
758 140 138 62 340
759 70 62 56 188
760 57 85 61 203
761 65 92 78 235
762 77 54 76 207
763 55 43 113 211
764 94 76 51 221
765 97 58 53 208
766 85 65 123 273
767 64 54 47 165
768 95 82 115 292
769 61 105 79 245
770 51 52 71 174
771 89 18 73 180
772 78 68 39 185
773 94 82 115 291
774 93 91 101 285
775 108 101 39 248
776 58 54 53 165
777 52 79 88 219
778 91 69 98 258
779 83 58 31 172
780 64 111 84 259
781 77 106 59 242
782 81 64 72 217
783 74 59 64 197
784 79 93 136 308
785 65 112 29 206
786 70 54 74 198
787 79 87 44 210
788 64 80 77 221
789 104 52 89 245
790 67 108 5 180
791 97 79 151 327
792 83 82 26 191
793 92 97 38 227
794 43 31 60 134
795 43 28 31 102
796 103 106 46 255
797 74 103 102 279
798 52 101 116 269
799 80 60 98 238
800 65 110 49 224
801 47 75 138 260
802 60 102 95 257
803 93 70 78 241
804 76 76 117 269
805 55 37 84 176
806 67 51 88 206
807 54 53 79 186
808 74 73 113 260
809 102 79 77 258
810 77 136 126 339
811 48 51 96 195
812 76 119 79 274
813 77 61 66 204
814 125 75 47 247
815 77 34 41 152
816 88 66 58 212
817 106 91 91 288
818 94 64 90 248
819 58 67 87 212
820 43 39 114 196
821 50 119 70 239
822 91 107 114 312
823 79 89 51 219
824 93 58 101 252
825 103 93 67 263
826 108 8 82 198
827 92 81 84 257
828 88 94 53 235
829 137 44 90 271
830 87 56 68 211
831 76 56 70 202
832 65 48 77 190
833 108 55 70 233
834 95 45 92 232
835 74 79 32 185
836 66 40 52 158
837 71 115 54 240
838 98 92 141 331
839 38 94 65 197
840 68 83 98 249
841 65 51 72 188
842 48 92 22 162
843 63 74 65 202
844 55 48 102 205
845 88 94 129 311
846 62 81 103 246
847 70 74 75 219
848 100 58 105 263
849 93 86 60 239
850 100 77 45 222
851 68 68 86 222
852 73 49 89 211
853 107 73 91 271
854 82 62 97 241
855 54 34 77 165
856 89 117 65 271
857 108 115 80 303
858 65 76 61 202
859 85 47 50 182
860 22 79 70 171
861 74 25 95 194
862 50 32 89 171
863 82 33 89 204
864 84 70 88 242
865 84 62 87 233
866 100 73 93 266
867 67 102 83 252
868 105 90 78 273
869 79 80 141 300
870 44 62 61 167
871 79 73 132 284
872 49 80 61 190
873 71 89 73 233
874 91 36 34 161
875 61 68 112 241
876 88 58 47 193
877 97 62 65 224
878 67 86 16 169
879 76 120 25 221
880 103 63 69 235
881 65 59 67 191
882 74 99 93 266
883 104 88 84 276
884 68 12 73 153
885 72 14 49 135
886 78 30 118 226
887 106 47 101 254
888 93 85 71 249
889 42 67 89 198
890 72 42 61 175
891 142 90 69 301
892 86 29 32 147
893 55 70 24 149
894 64 81 62 207
895 80 69 41 190
896 80 38 96 214
897 79 83 50 212
898 54 84 56 194
899 23 29 69 121
900 71 80 62 213
901 45 55 45 145
902 101 91 29 221
903 86 99 50 235
904 119 43 78 240
905 93 84 77 254
906 67 81 123 271
907 55 100 54 209
908 37 87 77 201
909 35 71 54 160
910 117 99 85 301
911 70 39 77 186
912 38 107 36 181
913 151 93 90 334
914 98 60 92 250
915 79 123 88 290
916 50 55 56 161
917 112 126 79 317
918 51 66 88 205
919 94 130 76 300
920 55 75 93 223
921 51 31 106 188
922 111 89 58 258
923 102 60 88 250
924 68 79 71 218
925 17 40 75 132
926 84 90 79 253
927 107 77 92 276
928 13 37 65 115
929 75 72 97 244
930 86 130 62 278
931 42 36 92 170
932 66 59 75 200
933 133 65 66 264
934 65 17 76 158
935 113 65 43 221
936 115 27 83 225
937 60 69 83 212
938 78 32 107 217
939 67 76 82 225
940 97 60 122 279
941 99 74 92 265
942 107 53 65 225
943 25 96 86 207
944 87 25 69 181
945 72 95 82 249
946 93 106 57 256
947 80 44 80 204
948 77 97 73 247
949 81 29 -6 104
950 69 78 59 206
951 39 85 57 181
952 101 52 104 257
953 69 87 81 237
954 97 70 65 232
955 72 57 61 190
956 128 47 99 274
957 96 101 100 297
958 74 89 71 234
959 83 72 69 224
960 82 73 93 248
961 28 113 112 253
962 71 88 26 185
963 70 46 121 237
964 107 113 94 314
965 91 72 79 242
966 24 16 85 125
967 95 59 36 190
968 49 98 16 163
969 88 98 100 286
970 51 91 73 215
971 75 124 87 286
972 7 54 69 130
973 97 129 68 294
974 68 76 61 205
975 74 80 98 252
976 90 82 48 220
977 101 83 44 228
978 85 115 71 271
979 66 74 68 208
980 91 57 115 263
981 98 41 95 234
982 126 119 92 337
983 46 28 69 143
984 113 65 62 240
985 97 52 73 222
986 70 90 29 189
987 40 69 34 143
988 21 85 83 189
989 101 90 101 292
990 76 94 121 291
991 73 88 52 213
992 82 76 68 226
993 41 74 94 209
994 98 77 89 264
995 78 81 37 196
996 83 99 55 237
997 99 82 68 249
998 94 90 87 271
999 103 87 58 248
1000 86 84 139 309
1001 131 93 58 282
1002 90 53 64 207
1003 53 84 107 244
1004 80 103 66 249
1005 122 60 76 258
1006 74 80 53 207
1007 70 85 48 203
1008 101 72 74 247
1009 89 70 75 234
1010 73 83 61 217
1011 72 85 73 230
1012 53 32 98 183
1013 122 93 73 288
1014 30 71 69 170
1015 94 83 68 245
1016 64 99 72 235
1017 89 48 44 181
1018 48 67 84 199
1019 94 65 87 246
1020 102 85 52 239
1021 63 86 50 199
1022 103 82 129 314
1023 73 80 35 188
1024 82 86 68 236
1025 76 109 84 269
1026 89 89 96 274
1027 105 102 122 329
1028 79 71 72 222
1029 24 55 85 164
1030 110 77 47 234
1031 48 68 92 208
1032 119 89 67 275
1033 60 77 64 201
1034 78 77 61 216
1035 53 60 64 177
1036 95 34 41 170
1037 73 43 57 173
1038 98 64 74 236
1039 52 41 59 152
1040 77 58 90 225
1041 95 75 122 292
1042 102 93 37 232
1043 40 127 28 195
1044 61 46 93 200
1045 71 92 94 257
1046 73 135 26 234
1047 88 49 51 188
1048 53 84 86 223
1049 56 93 74 223
1050 89 87 53 229
1051 74 40 123 237
1052 97 64 92 253
1053 36 98 51 185
1054 88 86 53 227
1055 111 72 58 241
1056 73 75 81 229
1057 33 68 40 141
1058 65 49 58 172
1059 63 135 113 311
1060 42 70 93 205
1061 17 11 45 73
1062 79 65 85 229
1063 55 44 44 143
1064 79 78 51 208
1065 33 96 123 252
1066 66 101 111 278
1067 76 88 94 258
1068 72 88 94 254
1069 124 157 110 391
1070 99 51 61 211
1071 79 45 82 206
1072 62 113 93 268
1073 90 55 84 229
1074 99 34 54 187
1075 94 61 42 197
1076 66 81 119 266
1077 90 119 40 249
1078 59 142 62 263
1079 112 23 63 198
1080 115 55 72 242
1081 95 46 99 240
1082 55 117 52 224
1083 95 48 12 155
1084 115 83 73 271
1085 49 89 71 209
1086 56 62 55 173
1087 46 62 44 152
1088 88 98 101 287
1089 42 29 65 136
1090 64 66 80 210
1091 101 109 93 303
1092 56 77 25 158
1093 70 77 69 216
1094 57 115 88 260
1095 70 88 45 203
1096 26 57 50 133
1097 73 65 91 229
1098 102 61 85 248
1099 79 70 87 236
1100 63 109 52 224
1101 109 22 74 205
1102 96 85 75 256
1103 85 87 49 221
1104 62 70 61 193
1105 68 119 117 304
1106 77 39 56 172
1107 75 46 84 205
1108 75 73 91 239
1109 38 22 88 148
1110 64 56 59 179
1111 54 87 59 200
1112 45 109 94 248
1113 67 88 68 223
1114 61 91 59 211
1115 44 70 25 139
1116 93 92 88 273
1117 79 85 37 201
1118 70 103 59 232
1119 36 83 49 168
1120 75 85 16 176
1121 55 35 100 190
1122 47 76 66 189
1123 82 109 53 244
1124 98 106 22 226
1125 72 67 73 212
1126 74 65 61 200
1127 43 31 79 153
1128 50 38 34 122
1129 40 57 121 218
1130 102 76 79 257
1131 49 82 56 187
1132 68 105 85 258
1133 47 45 73 165
1134 108 81 43 232
1135 42 84 72 198
1136 77 47 109 233
1137 78 73 28 179
1138 106 20 59 185
1139 94 43 108 245
1140 61 75 128 264
1141 51 77 103 231
1142 76 58 97 231
1143 99 54 78 231
1144 67 69 50 186
1145 77 58 91 226
1146 70 95 81 246
1147 56 78 57 191
1148 80 73 75 228
1149 94 60 100 254
1150 91 66 70 227
1151 39 40 95 174
1152 67 75 121 263
1153 50 74 62 186
1154 95 48 82 225
1155 35 111 109 255
1156 69 111 74 254
1157 70 85 80 235
1158 59 91 97 247
1159 128 93 28 249
1160 98 51 56 205
1161 98 121 34 253
1162 63 71 44 178
1163 83 71 39 193
1164 46 99 66 211
1165 100 99 46 245
1166 84 60 63 207
1167 69 51 72 192
1168 3 50 70 123
1169 95 81 85 261
1170 79 89 63 231
1171 87 80 60 227
1172 150 39 76 265
1173 77 53 50 180
1174 59 43 45 147
1175 71 110 83 264
1176 71 96 56 223
1177 58 90 88 236
1178 94 101 74 269
1179 112 43 122 277
1180 79 74 81 234
1181 91 57 100 248
1182 52 81 60 193
1183 101 111 113 325
1184 95 55 107 257
1185 39 90 54 183
1186 91 51 70 212
1187 67 110 43 220
1188 64 48 23 135
1189 61 126 76 263
1190 74 91 92 257
1191 49 133 131 313
1192 79 74 70 223
1193 121 69 57 247
1194 69 22 105 196
1195 30 75 46 151
1196 70 95 65 230
1197 76 65 58 199
1198 85 85 92 262
1199 97 95 95 287
1200 74 84 73 231
1201 90 90 47 227
1202 67 85 110 262
1203 57 84 62 203
1204 52 123 81 256
1205 50 54 45 149
1206 63 83 73 219
1207 107 116 77 300
1208 96 60 65 221
1209 19 81 34 134
1210 48 58 89 195
1211 91 70 89 250
1212 33 107 41 181
1213 10 109 31 150
1214 28 70 91 189
1215 48 53 77 178
1216 47 86 62 195
1217 46 26 124 196
1218 98 98 104 300
1219 72 100 59 231
1220 81 53 124 258
1221 114 61 77 252
1222 94 67 85 246
1223 81 88 83 252
1224 44 45 47 136
1225 80 39 90 209
1226 86 76 64 226
1227 78 85 54 217
1228 65 83 90 238
1229 71 143 71 285
1230 71 44 68 183
1231 84 77 54 215
1232 63 18 63 144
1233 70 87 90 247
1234 75 77 65 217
1235 93 50 79 222
1236 75 106 73 254
1237 75 58 42 175
1238 62 70 14 146
1239 99 56 63 218
1240 69 77 37 183
1241 82 75 72 229
1242 108 41 64 213
1243 58 70 95 223
1244 40 28 87 155
1245 66 34 92 192
1246 60 111 79 250
1247 91 107 38 236
1248 124 106 60 290
1249 82 70 75 227
1250 82 109 84 275
1251 18 90 58 166
1252 42 94 91 227
1253 69 93 124 286
1254 83 57 66 206
1255 81 53 54 188
1256 60 96 96 252
1257 129 47 74 250
1258 56 92 43 191
1259 86 42 50 178
1260 93 92 76 261
1261 57 74 85 216
1262 60 136 90 286
1263 47 92 86 225
1264 95 74 55 224
1265 81 87 63 231
1266 94 142 96 332
1267 101 95 86 282
1268 35 77 53 165
1269 87 53 113 253
1270 73 75 58 206
1271 72 17 79 168
1272 50 74 77 201
1273 70 67 49 186
1274 68 80 83 231
1275 46 58 111 215
1276 64 34 113 211
1277 54 118 71 243
1278 90 103 74 267
1279 62 91 75 228
1280 32 83 55 170
1281 93 92 56 241
1282 142 38 33 213
1283 28 62 64 154
1284 33 69 101 203
1285 58 75 91 224
1286 91 41 88 220
1287 82 90 85 257
1288 103 42 76 221
1289 73 80 78 231
1290 -5 126 66 187
1291 83 63 99 245
1292 97 120 56 273
1293 96 75 59 230
1294 63 46 78 187
1295 51 102 24 177
1296 69 92 76 237
1297 54 62 51 167
1298 83 25 45 153
1299 146 96 30 272
1300 92 65 104 261
1301 82 94 48 224
1302 64 67 58 189
1303 60 46 97 203
1304 80 70 97 247
1305 100 33 86 219
1306 130 68 77 275
1307 54 88 61 203
1308 96 90 31 217
1309 88 118 58 264
1310 82 45 79 206
1311 29 115 13 157
1312 96 49 66 211
1313 69 94 60 223
1314 31 100 66 197
1315 64 79 52 195
1316 68 64 78 210
1317 80 89 79 248
1318 56 47 90 193
1319 107 83 96 286
1320 33 51 1 85
1321 62 39 61 162
1322 76 64 54 194
1323 23 67 81 171
1324 88 50 73 211
1325 113 80 89 282
1326 54 79 91 224
1327 101 68 104 273
1328 90 97 76 263
1329 82 138 80 300
1330 44 99 29 172
1331 59 128 52 239
1332 69 90 72 231
1333 54 28 70 152
1334 57 70 60 187
1335 63 69 45 177
1336 50 95 106 251
1337 89 84 45 218
1338 52 83 99 234
1339 84 15 131 230
1340 112 44 64 220
1341 73 60 67 200
1342 51 91 57 199
1343 75 86 59 220
1344 59 87 86 232
1345 66 77 53 196
1346 67 49 53 169
1347 115 105 76 296
1348 113 72 78 263
1349 116 75 65 256
1350 78 61 52 191
1351 93 46 36 175
1352 46 88 90 224
1353 99 72 127 298
1354 122 40 61 223
1355 53 67 130 250
1356 62 97 42 201
1357 137 58 107 302
1358 103 53 91 247
1359 20 56 37 113
1360 50 53 70 173
1361 71 95 89 255
1362 25 72 70 167
1363 72 35 58 165
1364 71 72 69 212
1365 60 43 75 178
1366 85 87 70 242
1367 129 77 80 286
1368 66 119 47 232
1369 80 81 23 184
1370 71 96 111 278
1371 55 136 48 239
1372 85 101 47 233
1373 98 107 79 284
1374 71 97 57 225
1375 60 53 83 196
1376 45 57 61 163
1377 37 142 44 223
1378 71 99 74 244
1379 92 41 66 199
1380 29 58 86 173
1381 35 24 94 153
1382 65 38 70 173
1383 108 62 86 256
1384 80 75 84 239
1385 76 41 106 223
1386 67 66 77 210
1387 118 91 105 314
1388 77 81 81 239
1389 93 47 65 205
1390 71 122 74 267
1391 121 60 83 264
1392 64 79 125 268
1393 49 46 51 146
1394 65 64 63 192
1395 17 83 25 125
1396 70 103 114 287
1397 94 67 94 255
1398 89 121 85 295
1399 73 85 90 248
1400 118 68 101 287
1401 81 77 43 201
1402 65 60 111 236
1403 89 77 41 207
1404 48 86 60 194
1405 29 23 96 148
1406 68 40 48 156
1407 32 71 71 174
1408 69 90 61 220
1409 62 112 51 225
1410 41 79 89 209
1411 45 23 83 151
1412 67 60 83 210
1413 61 68 57 186
1414 85 50 46 181
1415 60 55 62 177
1416 17 103 48 168
1417 62 65 87 214
1418 92 83 97 272
1419 53 72 134 259
1420 68 80 35 183
1421 78 74 82 234
1422 67 137 97 301
1423 49 51 76 176
1424 114 107 62 283
1425 93 102 52 247
1426 39 88 83 210
1427 80 75 50 205
1428 38 42 122 202
1429 55 125 42 222
1430 72 44 94 210
1431 85 40 85 210
1432 45 75 44 164
1433 29 105 151 285
1434 40 64 76 180
1435 76 70 74 220
1436 81 43 59 183
1437 57 63 107 227
1438 64 111 93 268
1439 82 13 57 152
1440 47 74 48 169
1441 92 101 68 261
1442 88 33 53 174
1443 21 79 64 164
1444 35 80 105 220
1445 36 53 66 155
1446 77 102 90 269
1447 58 89 10 157
1448 92 65 96 253
1449 56 86 89 231
1450 116 105 93 314
1451 90 83 110 283
1452 88 64 42 194
1453 93 68 100 261
1454 92 95 81 268
1455 99 61 76 236
1456 67 89 105 261
1457 48 62 37 147
1458 89 51 38 178
1459 97 61 72 230
1460 54 82 80 216
1461 89 92 74 255
1462 118 72 139 329
1463 69 64 66 199
1464 85 89 92 266
1465 89 16 58 163
1466 87 113 73 273
1467 71 101 95 267
1468 47 31 35 113
1469 100 52 78 230
1470 58 97 73 228
1471 57 72 85 214
1472 94 73 71 238
1473 99 62 105 266
1474 53 69 66 188
1475 60 95 128 283
1476 70 64 66 200
1477 43 67 91 201
1478 67 72 59 198
1479 73 104 50 227
1480 23 49 76 148
1481 106 68 85 259
1482 56 67 69 192
1483 23 73 45 141
1484 70 48 59 177
1485 58 107 50 215
1486 78 74 72 224
1487 56 72 84 212
1488 79 59 28 166
1489 71 26 77 174
1490 40 63 85 188
1491 83 25 92 200
1492 78 41 77 196
1493 77 130 74 281
1494 76 67 94 237
1495 68 111 106 285
1496 96 76 67 239
1497 47 53 65 165
1498 69 130 52 251
1499 48 75 90 213
1500 56 108 87 251
1501 73 75 88 236
1502 49 81 32 162
1503 68 52 87 207
1504 44 23 96 163
1505 33 61 75 169
1506 56 63 94 213
1507 71 63 66 200
1508 65 37 49 151
1509 42 105 108 255
1510 114 109 78 301
1511 104 63 47 214
1512 119 100 89 308
1513 146 116 28 290
1514 70 53 60 183
1515 73 53 74 200
1516 99 68 97 264
1517 54 57 87 198
1518 63 58 68 189
1519 85 122 95 302
1520 107 28 51 186
1521 78 59 83 220
1522 69 64 65 198
1523 60 67 95 222
1524 87 102 43 232
1525 83 61 90 234
1526 91 39 87 217
1527 100 101 52 253
1528 52 58 72 182
1529 98 112 74 284
1530 107 73 47 227
1531 81 53 66 200
1532 84 76 83 243
1533 122 89 44 255
1534 80 87 88 255
1535 42 61 64 167
1536 80 42 70 192
1537 121 58 67 246
1538 66 85 60 211
1539 34 122 54 210
1540 73 127 92 292
1541 110 58 93 261
1542 100 100 90 290
1543 91 55 79 225
1544 24 16 103 143
1545 36 99 85 220
1546 71 92 99 262
1547 38 112 51 201
1548 58 65 80 203
1549 59 60 89 208
1550 87 52 76 215
1551 94 75 43 212
1552 132 49 63 244
1553 36 71 116 223
1554 83 88 82 253
1555 68 109 85 262
1556 66 105 99 270
1557 86 58 97 241
1558 55 47 93 195
1559 25 42 49 116
1560 38 55 35 128
1561 69 58 48 175
1562 48 96 61 205
1563 35 48 119 202
1564 40 113 95 248
1565 69 49 88 206
1566 63 99 77 239
1567 79 103 55 237
1568 91 108 79 278
1569 31 104 91 226
1570 120 100 32 252
1571 54 100 60 214
1572 59 57 91 207
1573 49 36 102 187
1574 83 91 62 236
1575 48 44 85 177
1576 64 87 82 233
1577 53 85 40 178
1578 34 60 71 165
1579 78 77 106 261
1580 88 60 96 244
1581 81 88 47 216
1582 67 103 95 265
1583 29 102 128 259
1584 44 80 71 195
1585 96 85 102 283
1586 88 38 122 248
1587 84 64 104 252
1588 62 89 27 178
1589 89 66 124 279
1590 36 108 51 195
1591 51 76 85 212
1592 65 112 69 246
1593 73 81 82 236
1594 86 92 22 200
1595 77 54 67 198
1596 68 120 91 279
1597 67 111 77 255
1598 53 82 37 172
1599 25 95 94 214
1600 96 100 68 264
1601 103 62 94 259
1602 99 59 71 229
1603 46 37 92 175
1604 42 74 88 204
1605 104 140 112 356
1606 48 92 38 178
1607 86 79 9 174
1608 56 91 111 258
1609 56 80 132 268
1610 77 61 100 238
1611 97 89 55 241
1612 94 62 46 202
1613 42 51 100 193
1614 107 119 117 343
1615 107 85 64 256
1616 101 59 75 235
1617 47 48 86 181
1618 72 81 93 246
1619 47 116 154 317
1620 66 56 37 159
1621 65 102 88 255
1622 68 35 68 171
1623 104 46 61 211
1624 80 75 66 221
1625 48 111 76 235
1626 60 79 92 231
1627 102 75 48 225
1628 56 88 44 188
1629 86 109 60 255
1630 48 97 35 180
1631 91 88 79 258
1632 91 98 73 262
1633 87 87 64 238
1634 54 59 85 198
1635 82 61 83 226
1636 86 68 70 224
1637 77 82 71 230
1638 61 42 59 162
1639 62 88 109 259
1640 58 63 104 225
1641 81 98 54 233
1642 77 45 112 234
1643 58 101 83 242
1644 60 99 63 222
1645 60 52 63 175
1646 54 89 89 232
1647 61 88 103 252
1648 75 79 105 259
1649 66 30 46 142
1650 65 82 58 205
1651 69 94 96 259
1652 96 34 79 209
1653 79 106 59 244
1654 33 57 61 151
1655 57 71 30 158
1656 66 63 118 247
1657 72 58 89 219
1658 95 71 77 243
1659 38 63 34 135
1660 81 115 81 277
1661 72 68 75 215
1662 74 59 83 216
1663 88 49 67 204
1664 80 57 72 209
1665 107 118 100 325
1666 27 80 50 157
1667 66 87 22 175
1668 157 70 58 285
1669 92 88 75 255
1670 62 75 104 241
1671 46 30 80 156
1672 53 62 100 215
1673 65 108 76 249
1674 45 76 33 154
1675 73 70 60 203
1676 53 82 16 151
1677 86 124 69 279
1678 92 104 55 251
1679 27 63 99 189
1680 104 97 78 279
1681 54 59 117 230
1682 106 126 59 291
1683 85 34 61 180
1684 121 70 89 280
1685 94 93 47 234
1686 90 116 82 288
1687 52 65 86 203
1688 127 76 72 275
1689 65 64 130 259
1690 103 84 45 232
1691 98 51 52 201
1692 94 82 95 271
1693 106 75 47 228
1694 67 60 20 147
1695 108 74 107 289
1696 115 60 72 247
1697 76 66 75 217
1698 28 90 82 200
1699 35 105 80 220
1700 82 88 114 284
1701 43 91 87 221
1702 69 104 124 297
1703 80 78 72 230
1704 15 90 80 185
1705 78 72 88 238
1706 67 120 59 246
1707 84 62 51 197
1708 2 76 50 128
1709 77 70 91 238
1710 81 68 88 237
1711 57 76 29 162
1712 53 72 90 215
1713 95 81 82 258
1714 89 104 107 300
1715 111 48 51 210
1716 52 32 57 141
1717 52 53 89 194
1718 73 108 72 253
1719 99 74 82 255
1720 81 92 95 268
1721 38 86 82 206
1722 67 52 89 208
1723 96 35 43 174
1724 62 76 63 201
1725 78 49 51 178
1726 80 23 89 192
1727 74 89 85 248
1728 88 83 44 215
1729 80 50 79 209
1730 48 118 108 274
1731 56 76 42 174
1732 75 93 104 272
1733 100 50 69 219
1734 67 83 72 222
1735 45 81 60 186
1736 59 115 106 280
1737 99 67 74 240
1738 131 73 67 271
1739 62 0 50 112
1740 62 83 119 264
1741 126 77 54 257
1742 71 60 63 194
1743 94 31 80 205
1744 84 41 114 239
1745 100 113 58 271
1746 93 67 39 199
1747 84 76 63 223
1748 107 86 40 233
1749 127 81 39 247
1750 83 72 56 211
1751 102 35 103 240
1752 81 75 94 250
1753 45 56 97 198
1754 41 74 60 175
1755 105 66 57 228
1756 81 43 54 178
1757 31 60 57 148
1758 33 66 62 161
1759 18 93 91 202
1760 55 99 44 198
1761 103 8 106 217
1762 54 12 96 162
1763 94 111 89 294
1764 98 69 59 226
1765 68 123 76 267
1766 130 18 67 215
1767 131 67 46 244
1768 98 75 44 217
1769 74 37 74 185
1770 43 86 83 212
1771 38 52 40 130
1772 89 88 67 244
1773 93 50 117 260
1774 43 40 91 174
1775 34 61 82 177
1776 109 71 74 254
1777 44 49 74 167
1778 96 108 76 280
1779 73 70 122 265
1780 109 58 142 309
1781 82 60 60 202
1782 9 90 64 163
1783 96 58 113 267
1784 95 59 85 239
1785 58 39 69 166
1786 77 42 99 218
1787 57 103 39 199
1788 128 60 46 234
1789 81 81 56 218
1790 106 104 131 341
1791 97 106 90 293
1792 59 59 26 144
1793 61 33 65 159
1794 49 84 53 186
1795 79 62 107 248
1796 90 70 87 247
1797 83 53 77 213
1798 86 68 56 210
1799 51 17 72 140
1800 34 93 17 144
1801 23 63 81 167
1802 79 55 85 219
1803 72 121 37 230
1804 85 44 76 205
1805 55 82 40 177
1806 85 81 100 266
1807 53 35 56 144
1808 51 76 116 243
1809 40 70 -23 87
1810 81 59 72 212
1811 99 91 98 288
1812 89 31 93 213
1813 116 76 70 262
1814 98 66 52 216
1815 30 76 77 183
1816 20 46 89 155
1817 61 57 55 173
1818 61 96 78 235
1819 99 62 76 237
1820 42 87 100 229
1821 44 98 80 222
1822 86 35 81 202
1823 103 138 79 320
1824 42 51 75 168
1825 64 85 67 216
1826 99 58 132 289
1827 82 116 58 256
1828 62 38 69 169
1829 109 76 53 238
1830 57 39 79 175
1831 64 54 50 168
1832 57 40 76 173
1833 112 106 54 272
1834 47 108 108 263
1835 66 68 103 237
1836 113 78 135 326
1837 107 38 87 232
1838 95 71 98 264
1839 92 109 87 288
1840 121 84 57 262
1841 40 108 82 230
1842 31 72 108 211
1843 58 45 20 123
1844 69 92 106 267
1845 75 89 62 226
1846 46 111 83 240
1847 77 66 84 227
1848 87 61 53 201
1849 76 117 62 255
1850 44 77 71 192
1851 100 23 124 247
1852 89 81 41 211
1853 120 104 91 315
1854 87 69 73 229
1855 76 103 105 284
1856 97 119 75 291
1857 87 95 48 230
1858 70 39 53 162
1859 14 55 85 154
1860 94 70 65 229
1861 75 66 86 227
1862 88 119 40 247
1863 113 57 50 220
1864 88 69 71 228
1865 81 89 68 238
1866 86 138 53 277
1867 95 99 87 281
1868 98 87 94 279
1869 68 69 60 197
1870 61 102 99 262
1871 91 92 46 229
1872 42 84 64 190
1873 45 -3 120 162
1874 72 72 41 185
1875 81 42 94 217
1876 97 80 47 224
1877 72 88 98 258
1878 62 115 107 284
1879 57 56 107 220
1880 92 88 39 219
1881 67 71 71 209
1882 57 93 65 215
1883 65 65 84 214
1884 62 89 90 241
1885 77 74 90 241
1886 85 82 97 264
1887 41 45 64 150
1888 96 74 70 240
1889 31 75 78 184
1890 59 100 75 234
1891 63 77 38 178
1892 86 90 92 268
1893 68 49 26 143
1894 45 87 62 194
1895 86 98 41 225
1896 98 48 101 247
1897 80 51 65 196
1898 45 88 69 202
1899 76 70 54 200
1900 18 83 118 219
1901 59 49 52 160
1902 70 101 63 234
1903 153 73 59 285
1904 83 94 69 246
1905 58 109 90 257
1906 64 62 118 244
1907 78 40 49 167
1908 84 105 67 256
1909 130 25 35 190
1910 78 53 65 196
1911 78 111 87 276
1912 79 58 62 199
1913 76 89 109 274
1914 40 40 57 137
1915 54 79 28 161
1916 129 84 45 258
1917 79 67 57 203
1918 54 65 64 183
1919 101 55 95 251
1920 29 43 51 123
1921 99 53 34 186
1922 82 111 64 257
1923 68 70 51 189
1924 67 32 15 114
1925 93 84 84 261
1926 51 64 97 212
1927 40 92 98 230
1928 69 98 87 254
1929 115 94 74 283
1930 76 93 67 236
1931 17 63 69 149
1932 75 83 115 273
1933 102 94 88 284
1934 76 57 45 178
1935 94 49 102 245
1936 91 56 76 223
1937 82 108 85 275
1938 64 71 64 199
1939 71 58 101 230
1940 68 78 62 208
1941 62 72 85 219
1942 106 70 78 254
1943 90 67 67 224
1944 60 79 97 236
1945 80 38 76 194
1946 65 111 82 258
1947 29 94 53 176
1948 31 55 68 154
1949 80 83 82 245
1950 77 79 70 226
1951 74 38 59 171
1952 67 105 69 241
1953 88 88 80 256
1954 96 47 100 243
1955 48 54 109 211
1956 69 122 47 238
1957 78 91 70 239
1958 24 70 84 178
1959 72 57 87 216
1960 104 41 68 213
1961 75 58 110 243
1962 117 53 114 284
1963 50 70 31 151
1964 80 41 72 193
1965 98 33 44 175
1966 64 55 61 180
1967 53 51 77 181
1968 60 92 91 243
1969 39 54 45 138
1970 106 114 31 251
1971 39 116 49 204
1972 57 61 74 192
1973 119 78 83 280
1974 54 73 111 238
1975 101 61 84 246
1976 54 105 90 249
1977 103 61 63 227
1978 96 88 72 256
1979 57 84 42 183
1980 109 128 74 311
1981 91 44 113 248
1982 65 99 74 238
1983 16 45 80 141
1984 106 73 84 263
1985 80 79 85 244
1986 5 144 70 219
1987 75 123 96 294
1988 128 121 79 328
1989 111 54 80 245
1990 69 128 91 288
1991 3 118 86 207
1992 40 85 43 168
1993 110 93 65 268
1994 93 74 70 237
1995 74 78 43 195
1996 43 39 37 119
1997 92 40 16 148
1998 62 88 84 234
1999 29 71 108 208
2000 75 29 87 191
2001 35 24 89 148
2002 88 72 46 206
2003 74 71 40 185
2004 28 87 40 155
2005 92 94 63 249
2006 21 49 10 80
2007 100 34 111 245
2008 100 63 100 263
2009 46 100 86 232
2010 38 75 77 190
2011 63 56 99 218
2012 79 72 71 222
2013 65 48 90 203
2014 61 75 63 199
2015 48 99 80 227
2016 65 127 69 261
2017 87 112 119 318
2018 84 81 61 226
2019 76 81 60 217
2020 97 69 103 269
2021 104 60 75 239
2022 57 109 86 252
2023 92 84 15 191
2024 81 76 73 230
2025 81 93 67 241
2026 47 77 73 197
2027 86 77 44 207
2028 65 57 73 195
2029 92 88 27 207
2030 114 87 25 226
2031 85 76 23 184
2032 80 98 82 260
2033 76 96 73 245
2034 42 100 57 199
2035 74 102 58 234
2036 86 84 73 243
2037 66 69 79 214
2038 63 63 73 199
2039 107 95 59 261
2040 99 97 53 249
2041 38 102 100 240
2042 109 53 94 256
2043 86 72 63 221
2044 137 58 38 233
2045 125 70 94 289
2046 114 64 107 285
2047 81 110 57 248
2048 6 50 96 152
2049 68 94 131 293
2050 44 73 85 202
2051 54 77 100 231
2052 51 135 108 294
2053 73 114 60 247
2054 86 64 96 246
2055 81 23 102 206
2056 59 59 89 207
2057 34 78 103 215
2058 58 83 111 252
2059 96 85 98 279
2060 104 73 86 263
2061 73 48 61 182
2062 15 76 100 191
2063 94 93 66 253
2064 80 78 72 230
2065 80 50 28 158
2066 72 112 70 254
2067 73 36 99 208
2068 88 82 18 188
2069 113 81 82 276
2070 64 62 98 224
2071 52 86 115 253
2072 53 26 75 154
2073 48 66 74 188
2074 65 56 105 226
2075 74 62 50 186
2076 88 79 104 271
2077 97 59 76 232
2078 53 68 73 194
2079 45 79 66 190
2080 84 109 78 271
2081 49 64 101 214
2082 50 92 46 188
2083 57 71 67 195
2084 65 73 74 212
2085 119 88 96 303
2086 43 116 105 264
2087 93 90 106 289
2088 107 77 69 253
2089 52 78 77 207
2090 96 75 45 216
2091 16 18 72 106
2092 43 81 39 163
2093 103 63 23 189
2094 36 81 103 220
2095 115 58 81 254
2096 83 43 57 183
2097 21 60 74 155
2098 100 81 107 288
2099 37 93 54 184
2100 44 76 77 197
2101 77 57 53 187
2102 75 54 95 224
2103 57 76 49 182
2104 69 70 76 215
2105 57 85 70 212
2106 125 106 92 323
2107 55 113 57 225
2108 24 64 83 171
2109 104 67 120 291
2110 34 127 84 245
2111 22 74 63 159
2112 72 95 64 231
2113 74 91 53 218
2114 62 63 103 228
2115 77 91 90 258
2116 82 114 87 283
2117 113 96 109 318
2118 74 64 50 188
2119 79 91 63 233
2120 127 80 87 294
2121 114 44 71 229
2122 34 67 79 180
2123 88 80 96 264
2124 76 77 101 254
2125 57 114 82 253
2126 94 118 55 267
2127 110 51 53 214
2128 29 8 38 75
2129 117 74 94 285
2130 75 84 112 271
2131 93 79 71 243
2132 70 97 33 200
2133 78 72 -9 141
2134 65 44 101 210
2135 129 85 54 268
2136 47 91 81 219
2137 22 48 94 164
2138 72 72 57 201
2139 120 35 73 228
2140 88 129 75 292
2141 41 103 63 207
2142 124 78 57 259
2143 85 91 87 263
2144 85 52 79 216
2145 74 61 56 191
2146 75 68 84 227
2147 116 76 67 259
2148 76 26 90 192
2149 26 99 100 225
2150 69 72 92 233
2151 83 59 104 246
2152 114 96 55 265
2153 39 89 30 158
2154 74 72 99 245
2155 52 79 57 188
2156 46 133 60 239
2157 35 71 61 167
2158 44 104 76 224
2159 89 87 79 255
2160 37 53 8 98
2161 96 89 87 272
2162 32 68 101 201
2163 96 43 88 227
2164 103 65 113 281
2165 48 116 108 272
2166 91 61 101 253
2167 53 82 52 187
2168 93 61 28 182
2169 59 68 78 205
2170 84 70 56 210
2171 60 130 96 286
2172 67 64 80 211
2173 55 81 59 195
2174 87 106 42 235
2175 65 104 44 213
2176 69 89 96 254
2177 65 99 84 248
2178 50 74 110 234
2179 56 86 45 187
2180 57 40 82 179
2181 76 91 45 212
2182 61 89 112 262
2183 60 77 111 248
2184 97 78 59 234
2185 74 63 62 199
2186 135 78 100 313
2187 110 20 73 203
2188 69 108 53 230
2189 91 59 82 232
2190 37 96 69 202
2191 77 138 91 306
2192 107 73 83 263
2193 119 67 83 269
2194 76 89 88 253
2195 85 88 64 237
2196 72 41 62 175
2197 114 51 103 268
2198 102 26 60 188
2199 63 68 94 225
2200 82 91 105 278
2201 82 114 96 292
2202 69 66 38 173
2203 57 43 60 160
2204 70 87 79 236
2205 47 70 85 202
2206 70 66 82 218
2207 76 108 53 237
2208 127 32 99 258
2209 57 144 46 247
2210 75 97 89 261
2211 21 101 70 192
2212 77 65 74 216
2213 78 93 30 201
2214 84 61 117 262
2215 80 53 77 210
2216 70 43 76 189
2217 118 62 100 280
2218 72 48 58 178
2219 103 113 73 289
2220 67 103 83 253
2221 98 82 99 279
2222 57 73 65 195
2223 42 72 60 174
2224 84 66 54 204
2225 105 98 121 324
2226 55 96 74 225
2227 67 75 61 203
2228 55 58 67 180
2229 53 90 90 233
2230 61 76 50 187
2231 63 81 53 197
2232 70 21 43 134
2233 95 61 69 225
2234 64 79 62 205
2235 96 79 58 233
2236 85 111 41 237
2237 85 40 99 224
2238 109 103 70 282
2239 46 64 34 144
2240 45 110 96 251
2241 83 73 52 208
2242 117 52 68 237
2243 94 53 36 183
2244 61 79 57 197
2245 56 79 73 208
2246 34 65 34 133
2247 78 110 68 256
2248 93 66 58 217
2249 88 125 80 293
2250 61 50 67 178
2251 71 85 104 260
2252 66 66 78 210
2253 120 29 32 181
2254 44 86 103 233
2255 21 51 97 169
2256 93 88 76 257
2257 68 73 74 215
2258 59 30 68 157
2259 63 82 97 242
2260 87 113 61 261
2261 43 69 68 180
2262 91 99 100 290
2263 48 59 71 178
2264 63 95 73 231
2265 68 73 57 198
2266 102 110 24 236
2267 84 88 90 262
2268 25 105 40 170
2269 52 59 77 188
2270 65 35 94 194
2271 87 29 90 206
2272 117 121 79 317
2273 78 88 39 205
2274 66 111 75 252
2275 123 54 75 252
2276 62 45 67 174
2277 88 59 77 224
2278 64 30 71 165
2279 78 64 110 252
2280 59 82 44 185
2281 110 49 131 290
2282 66 85 15 166
2283 111 96 85 292
2284 24 74 62 160
2285 82 69 74 225
2286 73 96 62 231
2287 81 71 71 223
2288 73 80 73 226
2289 92 92 26 210
2290 31 95 56 182
2291 88 66 67 221
2292 23 59 82 164
2293 124 101 85 310
2294 35 111 88 234
2295 77 53 121 251
2296 52 44 37 133
2297 53 99 88 240
2298 74 104 76 254
2299 50 52 58 160
2300 81 88 95 264
2301 58 111 79 248
2302 66 97 74 237
2303 68 80 94 242
2304 109 96 135 340
2305 114 46 43 203
2306 98 75 76 249
2307 64 108 61 233
2308 105 105 79 289
2309 109 34 108 251
2310 47 70 60 177
2311 29 68 95 192
2312 74 93 58 225
2313 75 113 122 310
2314 98 83 83 264
2315 75 47 106 228
2316 93 112 78 283
2317 93 98 70 261
2318 58 90 41 189
2319 75 83 65 223
2320 43 67 87 197
2321 112 79 99 290
2322 29 102 89 220
2323 78 77 83 238
2324 80 82 85 247
2325 74 108 82 264
2326 25 70 139 234
2327 123 63 63 249
2328 54 45 96 195
2329 69 55 45 169
2330 75 84 76 235
2331 66 93 74 233
2332 68 93 86 247
2333 65 84 131 280
2334 106 37 65 208
2335 71 60 63 194
2336 42 103 76 221
2337 110 103 54 267
2338 97 115 79 291
2339 46 54 40 140
2340 46 88 47 181
2341 62 99 53 214
2342 45 136 85 266
2343 40 58 73 171
2344 42 80 57 179
2345 47 80 62 189
2346 75 64 41 180
2347 75 122 83 280
2348 66 80 90 236
2349 89 125 85 299
2350 91 56 84 231
2351 80 61 63 204
2352 55 100 75 230
2353 128 79 60 267
2354 76 70 23 169
2355 56 96 84 236
2356 81 65 57 203
2357 110 109 104 323
2358 86 41 42 169
2359 90 65 31 186
2360 44 2 71 117
2361 80 44 45 169
2362 63 108 31 202
2363 107 40 40 187
2364 24 90 100 214
2365 83 85 55 223
2366 90 36 50 176
2367 97 83 64 244
2368 93 51 87 231
2369 36 47 114 197
2370 75 91 88 254
2371 36 70 96 202
2372 72 56 99 227
2373 65 64 86 215
2374 72 83 108 263
2375 96 64 66 226
2376 38 27 71 136
2377 93 22 37 152
2378 68 67 75 210
2379 81 25 116 222
2380 73 62 64 199
2381 33 62 103 198
2382 56 69 92 217
2383 92 86 67 245
2384 62 81 87 230
2385 82 100 110 292
2386 81 64 108 253
2387 103 43 96 242
2388 98 81 90 269
2389 72 72 90 234
2390 56 66 56 178
2391 91 62 66 219
2392 43 107 92 242
2393 93 83 61 237
2394 82 77 94 253
2395 58 95 113 266
2396 67 107 79 253
2397 81 58 81 220
2398 69 112 108 289
2399 75 79 33 187
2400 37 37 39 113
2401 49 83 71 203
2402 71 48 81 200
2403 85 86 88 259
2404 131 88 81 300
2405 109 78 44 231
2406 64 70 89 223
2407 73 71 83 227
2408 70 53 72 195
2409 69 51 112 232
2410 48 47 94 189
2411 77 66 17 160
2412 73 92 9 174
2413 97 157 55 309
2414 104 98 65 267
2415 42 68 64 174
2416 70 36 97 203
2417 72 114 99 285
2418 81 76 21 178
2419 88 101 116 305
2420 42 91 113 246
2421 92 57 127 276
2422 109 107 83 299
2423 85 79 95 259
2424 94 113 49 256
2425 86 103 42 231
2426 48 58 98 204
2427 61 73 60 194
2428 82 97 45 224
2429 56 50 92 198
2430 72 99 68 239
2431 108 64 97 269
2432 98 61 108 267
2433 55 65 79 199
2434 96 76 39 211
2435 101 51 69 221
2436 77 20 52 149
2437 74 105 109 288
2438 73 61 74 208
2439 70 109 61 240
2440 82 67 32 181
2441 61 60 87 208
2442 83 59 37 179
2443 56 93 67 216
2444 114 48 47 209
2445 83 115 57 255
2446 48 80 84 212
2447 57 92 81 230
2448 54 23 80 157
2449 79 104 45 228
2450 80 39 65 184
2451 115 95 69 279
2452 78 115 43 236
2453 95 64 122 281
2454 79 74 42 195
2455 47 88 88 223
2456 59 98 46 203
2457 98 85 63 246
2458 20 96 83 199
2459 79 93 95 267
2460 92 69 29 190
2461 60 76 63 199
2462 73 76 68 217
2463 64 31 120 215
2464 57 65 82 204
2465 136 99 77 312
2466 76 29 24 129
2467 35 97 34 166
2468 57 74 71 202
2469 64 95 90 249
2470 80 100 75 255
2471 54 143 72 269
2472 152 79 137 368
2473 62 43 86 191
2474 98 128 33 259
2475 70 82 56 208
2476 83 67 122 272
2477 72 78 62 212
2478 104 63 102 269
2479 84 90 83 257
2480 100 85 46 231
2481 40 57 57 154
2482 80 84 65 229
2483 70 108 129 307
2484 6 87 99 192
2485 85 58 69 212
2486 92 60 80 232
2487 82 63 77 222
2488 87 95 78 260
2489 100 80 91 271
2490 57 71 53 181
2491 53 88 43 184
2492 66 70 62 198
2493 85 59 60 204
2494 31 66 61 158
2495 125 43 56 224
2496 89 94 86 269
2497 51 95 101 247
2498 75 121 70 266
2499 72 68 56 196
2500 58 89 30 177
2501 81 79 79 239
2502 77 66 79 222
2503 64 73 133 270
2504 65 66 75 206
2505 37 57 65 159
2506 60 59 62 181
2507 101 70 87 258
2508 71 89 66 226
2509 81 107 75 263
2510 72 94 105 271
2511 123 68 95 286
2512 18 97 53 168
2513 18 39 50 107
2514 54 37 70 161
2515 108 68 73 249
2516 75 47 89 211
2517 128 61 38 227
2518 111 93 62 266
2519 122 66 69 257
2520 73 67 63 203
2521 86 82 96 264
2522 52 51 33 136
2523 110 77 41 228
2524 85 83 98 266
2525 84 106 121 311
2526 102 51 86 239
2527 105 70 61 236
2528 79 97 98 274
2529 101 60 68 229
2530 60 78 28 166
2531 50 68 62 180
2532 71 99 8 178
2533 76 115 137 328
2534 121 22 88 231
2535 53 84 72 209
2536 67 62 53 182
2537 57 67 67 191
2538 131 121 105 357
2539 92 107 37 236
2540 54 61 68 183
2541 90 47 80 217
2542 80 59 86 225
2543 72 67 65 204
2544 69 77 41 187
2545 122 94 76 292
2546 52 72 83 207
2547 52 91 104 247
2548 80 50 122 252
2549 51 54 53 158
2550 100 120 95 315
2551 57 68 116 241
2552 135 98 88 321
2553 107 54 83 244
2554 73 55 23 151
2555 109 74 22 205
2556 102 116 98 316
2557 37 42 115 194
2558 108 82 138 328
2559 130 73 50 253
2560 56 83 39 178
2561 72 54 119 245
2562 70 55 44 169
2563 87 70 91 248
2564 78 108 -16 170
2565 79 19 75 173
2566 74 79 26 179
2567 100 82 94 276
2568 77 80 81 238
2569 29 94 72 195
2570 87 72 39 198
2571 109 89 75 273
2572 89 146 83 318
2573 75 93 106 274
2574 39 65 68 172
2575 60 94 113 267
2576 90 91 66 247
2577 27 99 119 245
2578 68 90 36 194
2579 108 55 45 208
2580 121 40 121 282
2581 72 93 23 188
2582 104 98 67 269
2583 100 50 83 233
2584 109 67 109 285
2585 38 58 58 154
2586 144 73 78 295
2587 56 82 100 238
2588 90 62 109 261
2589 46 70 48 164
2590 61 83 65 209
2591 92 42 92 226
2592 70 91 76 237
2593 60 75 65 200
2594 114 72 61 247
2595 111 88 136 335
2596 89 85 79 253
2597 100 71 133 304
2598 126 86 37 249
2599 69 54 45 168
2600 58 66 86 210
2601 72 94 65 231
2602 56 69 95 220
2603 93 65 79 237
2604 67 101 102 270
2605 83 98 92 273
2606 27 87 82 196
2607 89 119 64 272
2608 43 105 74 222
2609 70 89 116 275
2610 78 87 72 237
2611 101 62 37 200
2612 103 9 106 218
2613 75 43 52 170
2614 122 63 99 284
2615 65 74 77 216
2616 94 92 51 237
2617 61 76 108 245
2618 68 43 67 178
2619 53 37 96 186
2620 50 88 50 188
2621 58 69 105 232
2622 46 82 24 152
2623 24 57 51 132
2624 99 30 48 177
2625 108 75 97 280
2626 76 102 63 241
2627 89 47 98 234
2628 67 91 45 203
2629 92 74 116 282
2630 96 87 33 216
2631 100 63 82 245
2632 88 114 100 302
2633 54 64 112 230
2634 93 136 38 267
2635 84 95 64 243
2636 51 39 68 158
2637 91 70 122 283
2638 55 92 84 231
2639 97 92 96 285
2640 69 38 47 154
2641 71 65 82 218
2642 89 74 115 278
2643 48 8 84 140
2644 87 62 94 243
2645 88 70 59 217
2646 81 76 78 235
2647 85 57 109 251
2648 95 74 49 218
2649 62 32 90 184
2650 53 50 85 188
2651 75 70 81 226
2652 84 78 85 247
2653 98 82 96 276
2654 116 52 95 263
2655 104 84 90 278
2656 65 80 91 236
2657 71 90 47 208
2658 94 96 43 233
2659 114 67 97 278
2660 102 67 50 219
2661 76 81 68 225
2662 50 40 68 158
2663 48 82 95 225
2664 87 113 91 291
2665 63 108 98 269
2666 63 90 110 263
2667 33 58 65 156
2668 111 73 116 300
2669 67 51 60 178
2670 42 71 112 225
2671 90 82 116 288
2672 31 54 109 194
2673 81 69 113 263
2674 91 68 77 236
2675 72 71 52 195
2676 76 100 63 239
2677 68 32 76 176
2678 64 70 81 215
2679 106 103 92 301
2680 56 90 34 180
2681 71 84 98 253
2682 62 78 102 242
2683 80 46 35 161
2684 82 49 64 195
2685 104 78 52 234
2686 81 128 35 244
2687 57 31 68 156
2688 64 94 72 230
2689 44 30 65 139
2690 104 95 85 284
2691 84 56 96 236
2692 75 76 20 171
2693 93 59 109 261
2694 84 28 57 169
2695 136 97 12 245
2696 106 52 97 255
2697 88 66 84 238
2698 71 88 46 205
2699 72 71 72 215
2700 56 111 75 242
2701 76 97 88 261
2702 120 69 80 269
2703 70 66 93 229
2704 49 57 78 184
2705 85 54 57 196
2706 100 70 74 244
2707 87 73 77 237
2708 123 87 77 287
2709 31 103 124 258
2710 30 66 121 217
2711 22 101 40 163
2712 69 56 50 175
2713 83 49 41 173
2714 74 37 78 189
2715 53 128 69 250
2716 70 79 35 184
2717 83 120 65 268
2718 101 52 68 221
2719 71 113 29 213
2720 34 -1 79 112
2721 104 96 148 348
2722 69 99 76 244
2723 109 111 88 308
2724 57 42 69 168
2725 88 46 136 270
2726 88 34 49 171
2727 61 68 101 230
2728 106 25 94 225
2729 56 62 54 172
2730 76 23 49 148
2731 65 77 69 211
2732 56 80 67 203
2733 71 56 54 181
2734 112 107 113 332
2735 104 79 105 288
2736 56 99 68 223
2737 145 23 59 227
2738 134 50 50 234
2739 107 74 83 264
2740 86 105 5 196
2741 84 19 81 184
2742 83 92 36 211
2743 66 50 55 171
2744 75 109 71 255
2745 61 82 123 266
2746 89 72 92 253
2747 88 39 71 198
2748 65 28 64 157
2749 59 80 45 184
2750 61 122 80 263
2751 83 71 50 204
2752 52 91 68 211
2753 34 70 122 226
2754 79 80 97 256
2755 2 70 85 157
2756 14 111 -7 118
2757 56 82 65 203
2758 101 65 87 253
2759 62 79 68 209
2760 86 49 123 258
2761 50 21 58 129
2762 113 74 61 248
2763 69 84 69 222
2764 83 54 65 202
2765 84 80 106 270
2766 56 125 51 232
2767 81 41 78 200
2768 73 94 104 271
2769 79 107 103 289
2770 103 119 87 309
2771 55 56 61 172
2772 55 111 57 223
2773 115 82 101 298
2774 64 105 81 250
2775 71 40 33 144
2776 79 83 66 228
2777 21 65 59 145
2778 52 87 68 207
2779 114 68 72 254
2780 138 74 58 270
2781 64 61 108 233
2782 78 69 85 232
2783 99 86 121 306
2784 84 129 72 285
2785 44 96 66 206
2786 67 113 57 237
2787 102 67 16 185
2788 64 49 70 183
2789 45 58 95 198
2790 36 94 114 244
2791 72 90 71 233
2792 103 75 35 213
2793 49 56 108 213
2794 100 51 73 224
2795 4 38 94 136
2796 86 56 87 229
2797 83 81 57 221
2798 78 84 37 199
2799 142 96 80 318
2800 74 59 71 204
2801 97 102 63 262
2802 106 125 125 356
2803 49 63 45 157
2804 63 70 105 238
2805 84 90 69 243
2806 48 90 61 199
2807 134 82 46 262
2808 86 98 91 275
2809 63 76 64 203
2810 33 71 34 138
2811 75 78 59 212
2812 94 62 63 219
2813 96 100 28 224
2814 78 87 93 258
2815 60 133 68 261
2816 77 42 53 172
2817 87 110 137 334
2818 22 124 44 190
2819 78 73 31 182
2820 98 54 108 260
2821 100 73 67 240
2822 79 85 83 247
2823 72 61 68 201
2824 46 102 114 262
2825 86 117 59 262
2826 89 43 63 195
2827 69 77 108 254
2828 46 40 59 145
2829 59 76 102 237
2830 87 51 91 229
2831 78 64 82 224
2832 87 70 53 210
2833 74 71 22 167
2834 108 80 126 314
2835 80 88 68 236
2836 68 94 95 257
2837 52 64 116 232
2838 62 121 140 323
2839 50 67 106 223
2840 57 89 20 166
2841 16 36 65 117
2842 96 77 80 253
2843 52 100 103 255
2844 81 85 82 248
2845 41 95 73 209
2846 54 101 54 209
2847 101 76 85 262
2848 53 101 44 198
2849 65 86 83 234
2850 90 79 82 251
2851 66 54 65 185
2852 94 12 83 189
2853 80 45 80 205
2854 93 90 51 234
2855 104 66 86 256
2856 95 57 106 258
2857 73 39 90 202
2858 77 73 62 212
2859 77 80 54 211
2860 64 94 110 268
2861 46 74 101 221
2862 71 73 59 203
2863 67 61 76 204
2864 49 48 34 131
2865 65 128 67 260
2866 83 91 72 246
2867 67 42 88 197
2868 42 62 50 154
2869 43 45 46 134
2870 106 89 114 309
2871 113 91 69 273
2872 24 100 41 165
2873 92 110 59 261
2874 66 69 76 211
2875 37 97 52 186
2876 66 87 98 251
2877 57 66 72 195
2878 52 78 84 214
2879 89 85 124 298
2880 89 126 30 245
2881 93 79 38 210
2882 67 50 110 227
2883 13 67 127 207
2884 84 48 65 197
2885 76 67 69 212
2886 69 31 80 180
2887 69 100 76 245
2888 87 84 67 238
2889 48 70 29 147
2890 77 43 75 195
2891 54 105 111 270
2892 90 68 98 256
2893 78 83 71 232
2894 89 74 100 263
2895 37 76 71 184
2896 50 75 111 236
2897 131 63 56 250
2898 43 28 57 128
2899 78 33 60 171
2900 38 81 80 199
2901 94 104 87 285
2902 6 65 43 114
2903 59 107 80 246
2904 84 41 59 184
2905 27 82 71 180
2906 78 44 42 164
2907 90 78 92 260
2908 76 119 79 274
2909 119 67 50 236
2910 80 83 49 212
2911 100 75 34 209
2912 80 45 106 231
2913 87 90 55 232
2914 97 36 82 215
2915 82 71 94 247
2916 64 109 62 235
2917 99 112 56 267
2918 62 71 106 239
2919 92 63 73 228
2920 58 88 83 229
2921 47 59 65 171
2922 62 33 90 185
2923 108 74 114 296
2924 78 34 90 202
2925 98 102 81 281
2926 40 61 123 224
2927 59 106 109 274
2928 99 99 92 290
2929 55 64 103 222
2930 46 41 78 165
2931 37 16 83 136
2932 70 66 118 254
2933 44 102 27 173
2934 62 62 77 201
2935 57 35 68 160
2936 83 48 69 200
2937 62 104 88 254
2938 69 52 102 223
2939 86 65 104 255
2940 44 56 86 186
2941 58 77 90 225
2942 71 70 120 261
2943 114 54 71 239
2944 107 71 45 223
2945 59 93 95 247
2946 75 89 21 185
2947 55 59 105 219
2948 100 30 76 206
2949 31 93 82 206
2950 59 64 49 172
2951 81 23 45 149
2952 106 84 97 287
2953 42 67 48 157
2954 71 65 63 199
2955 58 91 79 228
2956 96 47 102 245
2957 51 56 102 209
2958 112 38 48 198
2959 50 65 58 173
2960 73 49 100 222
2961 67 30 53 150
2962 79 116 89 284
2963 99 55 63 217
2964 83 89 78 250
2965 72 41 84 197
2966 100 90 72 262
2967 59 111 70 240
2968 54 102 48 204
2969 77 119 92 288
2970 92 72 57 221
2971 100 114 85 299
2972 127 114 49 290
2973 87 54 76 217
2974 72 126 71 269
2975 74 97 80 251
2976 29 121 102 252
2977 75 86 73 234
2978 81 73 75 229
2979 109 101 34 244
2980 50 60 42 152
2981 66 34 82 182
2982 132 63 11 206
2983 45 26 94 165
2984 124 90 68 282
2985 28 78 66 172
2986 71 89 76 236
2987 56 117 61 234
2988 40 69 65 174
2989 104 122 80 306
2990 84 42 94 220
2991 86 29 43 158
2992 106 39 57 202
2993 76 94 127 297
2994 33 51 110 194
2995 70 97 100 267
2996 87 45 36 168
2997 105 45 106 256
2998 54 75 88 217
2999 76 63 106 245
3000 83 121 40 244
3001 61 74 89 224
3002 51 73 111 235
3003 122 63 89 274
3004 107 114 85 306
3005 95 72 80 247
3006 66 103 117 286
3007 52 97 66 215
3008 73 101 111 285
3009 79 111 47 237
3010 59 51 77 187
3011 81 74 76 231
3012 92 127 92 311
3013 39 40 120 199
3014 85 71 49 205
3015 92 87 35 214
3016 61 108 51 220
3017 73 76 115 264
3018 115 108 85 308
3019 16 74 39 129
3020 50 82 61 193
3021 67 82 85 234
3022 79 65 95 239
3023 54 45 98 197
3024 56 99 60 215
3025 63 88 77 228
3026 71 105 88 264
3027 107 61 79 247
3028 76 119 45 240
3029 97 84 57 238
3030 26 88 76 190
3031 47 116 60 223
3032 70 38 116 224
3033 100 55 59 214
3034 69 105 67 241
3035 68 65 58 191
3036 63 53 89 205
3037 32 124 107 263
3038 95 88 64 247
3039 119 64 72 255
3040 91 85 81 257
3041 75 84 94 253
3042 79 101 77 257
3043 85 81 120 286
3044 51 45 55 151
3045 44 81 83 208
3046 59 64 95 218
3047 70 51 72 193
3048 68 78 74 220
3049 118 94 115 327
3050 57 90 76 223
3051 100 67 47 214
3052 94 101 55 250
3053 88 72 84 244
3054 89 126 83 298
3055 131 66 83 280
3056 86 40 79 205
3057 83 100 108 291
3058 59 92 67 218
3059 84 100 99 283
3060 86 34 83 203
3061 85 68 36 189
3062 54 87 98 239
3063 55 81 88 224
3064 61 104 82 247
3065 55 52 103 210
3066 98 107 63 268
3067 58 118 112 288
3068 81 84 87 252
3069 84 54 75 213
3070 65 80 93 238
3071 61 89 90 240
3072 95 81 111 287
3073 72 79 82 233
3074 109 72 65 246
3075 64 71 99 234
3076 74 103 66 243
3077 111 84 25 220
3078 106 76 80 262
3079 79 85 93 257
3080 117 116 139 372
3081 80 95 58 233
3082 118 111 104 333
3083 50 50 66 166
3084 99 38 52 189
3085 122 129 84 335
3086 56 86 53 195
3087 98 56 70 224
3088 37 57 56 150
3089 92 54 87 233
3090 91 89 55 235
3091 34 81 70 185
3092 71 72 61 204
3093 66 78 93 237
3094 79 89 22 190
3095 90 70 62 222
3096 71 76 77 224
3097 64 137 115 316
3098 56 29 63 148
3099 97 107 59 263
3100 95 77 68 240
3101 52 66 40 158
3102 34 116 60 210
3103 88 105 122 315
3104 72 73 89 234
3105 76 77 56 209
3106 75 109 79 263
3107 87 60 119 266
3108 37 2 99 138
3109 86 88 88 262
3110 62 92 80 234
3111 86 112 83 281
3112 102 79 78 259
3113 74 65 106 245
3114 101 104 73 278
3115 101 104 75 280
3116 82 61 99 242
3117 35 53 110 198
3118 42 46 84 172
3119 69 133 76 278
3120 88 96 112 296
3121 142 56 97 295
3122 88 81 74 243
3123 38 95 90 223
3124 88 76 7 171
3125 86 62 98 246
3126 68 72 67 207
3127 74 76 25 175
3128 108 85 70 263
3129 102 68 65 235
3130 72 79 99 250
3131 81 72 121 274
3132 135 58 95 288
3133 21 101 70 192
3134 63 108 51 222
3135 88 80 96 264
3136 71 103 77 251
3137 54 96 95 245
3138 83 90 87 260
3139 91 109 96 296
3140 82 71 89 242
3141 79 66 83 228
3142 67 82 103 252
3143 81 53 68 202
3144 99 106 91 296
3145 93 96 68 257
3146 45 81 104 230
3147 104 74 27 205
3148 64 52 17 133
3149 87 84 56 227
3150 80 117 84 281
3151 73 89 93 255
3152 93 33 96 222
3153 68 98 68 234
3154 110 81 100 291
3155 67 98 129 294
3156 80 84 89 253
3157 77 87 104 268
3158 55 45 123 223
3159 74 154 71 299
3160 42 43 89 174
3161 65 51 86 202
3162 92 83 90 265
3163 75 76 73 224
3164 132 98 66 296
3165 92 83 30 205
3166 78 76 86 240
3167 61 64 66 191
3168 122 67 50 239
3169 62 67 44 173
3170 113 66 51 230
3171 102 66 81 249
3172 57 83 67 207
3173 71 58 89 218
3174 87 74 111 272
3175 60 87 82 229
3176 68 86 66 220
3177 92 86 67 245
3178 84 102 95 281
3179 97 79 90 266
3180 103 55 80 238
3181 110 64 44 218
3182 66 66 77 209
3183 70 128 106 304
3184 84 103 73 260
3185 94 97 119 310
3186 56 91 87 234
3187 94 71 24 189
3188 64 69 67 200
3189 100 72 57 229
3190 58 102 113 273
3191 83 62 61 206
3192 65 54 136 255
3193 78 73 68 219
3194 66 93 48 207
3195 89 81 99 269
3196 73 72 55 200
3197 119 82 41 242
3198 78 128 117 323
3199 66 94 85 245
3200 76 59 79 214
3201 85 53 83 221
3202 102 67 51 220
3203 84 90 79 253
3204 76 67 91 234
3205 137 84 42 263
3206 73 105 78 256
3207 91 82 33 206
3208 76 115 83 274
3209 22 112 64 198
3210 62 105 75 242
3211 82 67 78 227
3212 75 107 92 274
3213 123 101 77 301
3214 54 86 127 267
3215 82 88 70 240
3216 80 54 65 199
3217 87 81 70 238
3218 91 48 41 180
3219 44 62 87 193
3220 148 103 117 368
3221 83 84 62 229
3222 71 88 70 229
3223 93 54 104 251
3224 59 84 41 184
3225 50 93 51 194
3226 69 75 90 234
3227 49 94 61 204
3228 91 15 94 200
3229 94 91 36 221
3230 65 94 113 272
3231 69 90 67 226
3232 80 107 109 296
3233 68 47 123 238
3234 110 69 105 284
3235 91 32 85 208
3236 89 133 68 290
3237 105 64 77 246
3238 54 74 25 153
3239 102 75 34 211
3240 52 94 101 247
3241 65 104 54 223
3242 67 80 74 221
3243 88 71 10 169
3244 46 59 54 159
3245 56 78 48 182
3246 53 51 65 169
3247 87 66 138 291
3248 68 80 91 239
3249 103 67 68 238
3250 50 37 91 178
3251 51 80 97 228
3252 33 91 70 194
3253 82 112 75 269
3254 84 56 147 287
3255 44 68 95 207
3256 72 75 97 244
3257 98 97 110 305
3258 106 88 70 264
3259 32 85 50 167
3260 115 70 83 268
3261 73 75 48 196
3262 63 40 61 164
3263 87 90 101 278
3264 84 66 119 269
3265 88 81 87 256
3266 64 118 81 263
3267 61 44 40 145
3268 43 66 37 146
3269 84 69 92 245
3270 93 23 94 210
3271 56 78 62 196
3272 52 85 77 214
3273 81 96 58 235
3274 86 70 104 260
3275 94 78 88 260
3276 30 108 67 205
3277 32 95 63 190
3278 82 89 59 230
3279 80 44 49 173
3280 46 82 57 185
3281 68 63 97 228
3282 121 70 93 284
3283 55 78 76 209
3284 79 68 36 183
3285 80 89 71 240
3286 38 113 101 252
3287 60 48 57 165
3288 84 52 79 215
3289 56 124 98 278
3290 98 66 62 226
3291 84 63 83 230
3292 59 28 75 162
3293 102 46 81 229
3294 57 106 68 231
3295 57 114 63 234
3296 97 42 75 214
3297 74 90 108 272
3298 61 95 83 239
3299 85 68 87 240
3300 82 92 73 247
3301 21 76 117 214
3302 98 96 52 246
3303 67 65 62 194
3304 85 76 67 228
3305 49 104 48 201
3306 69 56 108 233
3307 63 91 94 248
3308 62 57 83 202
3309 40 45 88 173
3310 66 99 109 274
3311 43 87 129 259
3312 44 94 82 220
3313 47 83 96 226
3314 73 72 120 265
3315 51 95 56 202
3316 91 84 39 214
3317 100 107 72 279
3318 100 94 48 242
3319 101 67 93 261
3320 60 60 105 225
3321 83 89 115 287
3322 88 92 74 254
3323 112 63 29 204
3324 75 50 63 188
3325 67 58 54 179
3326 41 85 67 193
3327 46 44 85 175
3328 56 118 73 247
3329 55 107 55 217
3330 55 86 77 218
3331 70 60 83 213
3332 91 78 61 230
3333 36 61 65 162
3334 49 113 89 251
3335 117 21 116 254
3336 38 76 55 169
3337 70 -5 82 147
3338 132 82 66 280
3339 22 92 48 162
3340 78 93 86 257
3341 115 108 74 297
3342 86 49 81 216
3343 78 67 9 154
3344 61 72 36 169
3345 43 47 62 152
3346 62 89 168 319
3347 69 124 93 286
3348 97 86 56 239
3349 92 20 80 192
3350 68 20 48 136
3351 26 83 8 117
3352 59 91 62 212
3353 90 57 107 254
3354 110 34 89 233
3355 44 61 62 167
3356 58 94 90 242
3357 71 97 57 225
3358 102 -6 12 108
3359 40 73 81 194
3360 90 96 55 241
3361 49 54 71 174
3362 93 100 99 292
3363 80 86 11 177
3364 34 65 49 148
3365 48 44 102 194
3366 98 23 83 204
3367 6 45 69 120
3368 60 89 53 202
3369 63 100 74 237
3370 60 89 101 250
3371 46 70 55 171
3372 94 101 64 259
3373 48 97 84 229
3374 62 73 102 237
3375 50 40 65 155
3376 21 67 95 183
3377 31 103 87 221
3378 64 57 58 179
3379 59 56 73 188
3380 107 79 40 226
3381 91 71 86 248
3382 24 92 89 205
3383 74 70 75 219
3384 95 113 100 308
3385 60 99 74 233
3386 50 45 41 136
3387 89 74 44 207
3388 96 72 121 289
3389 73 112 68 253
3390 46 91 113 250
3391 84 67 124 275
3392 102 55 59 216
3393 27 87 115 229
3394 79 64 84 227
3395 84 66 84 234
3396 50 42 93 185
3397 45 60 60 165
3398 110 89 50 249
3399 55 80 100 235
3400 68 70 53 191
3401 85 36 85 206
3402 98 102 82 282
3403 58 122 73 253
3404 42 93 59 194
3405 59 135 129 323
3406 107 56 69 232
3407 111 31 123 265
3408 61 74 120 255
3409 83 101 57 241
3410 69 74 133 276
3411 118 84 66 268
3412 67 59 110 236
3413 101 39 64 204
3414 75 39 104 218
3415 107 95 51 253
3416 57 103 62 222
3417 26 43 70 139
3418 83 85 51 219
3419 126 100 106 332
3420 81 102 62 245
3421 85 93 77 255
3422 65 71 81 217
3423 46 132 106 284
3424 63 124 104 291
3425 68 48 127 243
3426 120 64 70 254
3427 50 85 122 257
3428 91 21 88 200
3429 64 99 26 189
3430 43 103 71 217
3431 90 70 80 240
3432 68 122 72 262
3433 122 57 90 269
3434 82 75 88 245
3435 97 101 104 302
3436 61 61 59 181
3437 87 65 76 228
3438 29 86 85 200
3439 95 33 88 216
3440 68 19 35 122
3441 54 42 86 182
3442 93 103 110 306
3443 102 46 89 237
3444 52 94 47 193
3445 76 87 92 255
3446 122 64 31 217
3447 83 76 78 237
3448 61 85 123 269
3449 87 40 94 221
3450 73 78 88 239
3451 65 84 97 246
3452 89 43 85 217
3453 74 98 111 283
3454 93 33 72 198
3455 81 70 84 235
3456 80 74 104 258
3457 77 76 89 242
3458 88 109 43 240
3459 111 89 50 250
3460 57 98 64 219
3461 78 50 53 181
3462 52 94 54 200
3463 75 73 96 244
3464 87 41 104 232
3465 79 60 94 233
3466 86 45 47 178
3467 103 77 88 268
3468 54 41 88 183
3469 105 54 70 229
3470 62 58 110 230
3471 96 101 105 302
3472 113 84 99 296
3473 94 92 104 290
3474 50 44 68 162
3475 50 71 42 163
3476 67 55 62 184
3477 101 41 50 192
3478 136 37 28 201
3479 67 67 67 201
3480 56 95 39 190
3481 38 133 92 263
3482 87 110 69 266
3483 98 80 75 253
3484 54 79 80 213
3485 97 43 115 255
3486 89 92 56 237
3487 48 47 81 176
3488 20 47 99 166
3489 94 75 115 284
3490 66 100 66 232
3491 113 50 70 233
3492 89 86 124 299
3493 44 76 83 203
3494 115 71 107 293
3495 73 103 78 254
3496 110 66 55 231
3497 59 103 140 302
3498 102 53 104 259
3499 156 63 100 319
3500 95 60 83 238
3501 14 66 67 147
3502 22 30 95 147
3503 93 78 30 201
3504 111 86 67 264
3505 74 75 85 234
3506 77 78 24 179
3507 46 122 122 290
3508 76 68 50 194
3509 56 90 104 250
3510 87 37 122 246
3511 69 95 33 197
3512 40 89 96 225
3513 37 47 52 136
3514 78 57 62 197
3515 102 82 96 280
3516 89 42 100 231
3517 88 44 55 187
3518 37 77 136 250
3519 40 12 88 140
3520 60 102 104 266
3521 39 108 59 206
3522 79 100 78 257
3523 65 26 62 153
3524 87 74 72 233
3525 54 107 69 230
3526 61 66 91 218
3527 117 87 93 297
3528 122 80 61 263
3529 73 38 86 197
3530 75 54 91 220
3531 92 79 52 223
3532 115 57 50 222
3533 51 52 39 142
3534 119 64 73 256
3535 67 127 80 274
3536 52 73 104 229
3537 76 118 74 268
3538 59 103 68 230
3539 76 35 107 218
3540 42 109 84 235
3541 85 95 46 226
3542 81 90 62 233
3543 72 37 96 205
3544 68 40 71 179
3545 72 42 37 151
3546 62 95 95 252
3547 87 60 53 200
3548 41 74 73 188
3549 70 75 50 195
3550 61 105 64 230
3551 91 -2 98 187
3552 84 127 99 310
3553 74 94 50 218
3554 51 60 78 189
3555 74 59 53 186
3556 67 65 98 230
3557 95 82 91 268
3558 86 57 110 253
3559 68 61 59 188
3560 68 135 96 299
3561 69 77 93 239
3562 19 40 137 196
3563 53 53 80 186
3564 43 37 -4 76
3565 72 114 52 238
3566 46 99 52 197
3567 83 78 91 252
3568 72 59 70 201
3569 93 49 56 198
3570 63 78 96 237
3571 129 93 101 323
3572 73 112 59 244
3573 58 127 100 285
3574 77 18 69 164
3575 83 98 125 306
3576 141 88 63 292
3577 62 87 88 237
3578 88 87 114 289
3579 85 19 63 167
3580 91 61 56 208
3581 90 53 70 213
3582 56 118 83 257
3583 55 52 91 198
3584 63 36 48 147
3585 53 91 96 240
3586 96 51 99 246
3587 84 56 46 186
3588 21 73 90 184
3589 95 88 59 242
3590 55 50 52 157
3591 84 73 88 245
3592 116 117 22 255
3593 48 68 45 161
3594 73 69 79 221
3595 39 46 91 176
3596 77 73 125 275
3597 98 51 91 240
3598 100 77 101 278
3599 75 69 18 162
3600 57 105 92 254
3601 68 100 74 242
3602 62 109 46 217
3603 85 43 74 202
3604 82 87 38 207
3605 93 117 108 318
3606 57 15 10 82
3607 77 80 51 208
3608 71 78 106 255
3609 92 97 97 286
3610 103 86 79 268
3611 94 68 29 191
3612 47 103 57 207
3613 85 108 91 284
3614 40 37 84 161
3615 56 40 63 159
3616 65 114 51 230
3617 97 49 42 188
3618 110 94 76 280
3619 119 70 19 208
3620 120 59 67 246
3621 102 108 139 349
3622 33 119 98 250
3623 49 32 91 172
3624 87 56 82 225
3625 72 71 91 234
3626 41 90 58 189
3627 91 84 82 257
3628 85 44 102 231
3629 55 32 65 152
3630 80 55 114 249
3631 101 83 85 269
3632 86 72 69 227
3633 95 66 59 220
3634 52 81 90 223
3635 34 72 107 213
3636 76 78 101 255
3637 98 127 50 275
3638 45 92 73 210
3639 92 116 95 303
3640 102 92 69 263
3641 23 92 82 197
3642 75 102 72 249
3643 92 72 84 248
3644 83 103 64 250
3645 89 100 49 238
3646 65 76 99 240
3647 94 37 80 211
3648 116 40 88 244
3649 140 142 50 332
3650 113 93 52 258
3651 5 76 52 133
3652 100 76 35 211
3653 71 91 62 224
3654 114 76 97 287
3655 48 49 66 163
3656 98 150 84 332
3657 87 102 67 256
3658 80 75 21 176
3659 66 85 45 196
3660 102 85 103 290
3661 121 32 39 192
3662 91 94 67 252
3663 97 62 44 203
3664 75 27 84 186
3665 112 80 82 274
3666 63 62 45 170
3667 87 59 71 217
3668 76 80 91 247
3669 68 36 0 104
3670 73 58 105 236
3671 96 106 70 272
3672 101 76 47 224
3673 108 133 57 298
3674 51 92 114 257
3675 79 68 121 268
3676 124 95 44 263
3677 93 93 66 252
3678 98 89 83 270
3679 54 74 113 241
3680 114 84 81 279
3681 95 113 96 304
3682 0 95 88 183
3683 39 81 50 170
3684 116 75 91 282
3685 43 68 73 184
3686 126 68 66 260
3687 111 96 47 254
3688 50 81 85 216
3689 51 108 72 231
3690 42 49 87 178
3691 59 32 83 174
3692 104 75 123 302
3693 41 22 65 128
3694 56 102 107 265
3695 38 54 87 179
3696 134 39 90 263
3697 42 70 119 231
3698 80 85 60 225
3699 105 93 60 258
3700 63 22 49 134
3701 77 115 96 288
3702 34 65 87 186
3703 81 42 85 208
3704 98 74 53 225
3705 11 79 56 146
3706 90 73 88 251
3707 57 49 66 172
3708 104 88 74 266
3709 76 91 92 259
3710 103 73 75 251
3711 107 110 117 334
3712 122 122 36 280
3713 67 52 107 226
3714 54 84 48 186
3715 63 54 119 236
3716 53 80 135 268
3717 69 73 82 224
3718 31 83 30 144
3719 75 53 104 232
3720 42 30 109 181
3721 82 98 94 274
3722 74 73 91 238
3723 115 108 49 272
3724 23 74 74 171
3725 29 94 145 268
3726 92 81 79 252
3727 59 105 60 224
3728 61 52 52 165
3729 65 76 67 208
3730 77 67 105 249
3731 68 46 48 162
3732 94 65 65 224
3733 68 66 98 232
3734 134 66 62 262
3735 88 93 97 278
3736 63 63 62 188
3737 52 63 119 234
3738 67 113 61 241
3739 46 76 115 237
3740 110 70 71 251
3741 81 89 86 256
3742 127 87 75 289
3743 103 28 41 172
3744 114 62 49 225
3745 65 121 83 269
3746 68 75 78 221
3747 67 73 63 203
3748 57 57 59 173
3749 109 3 100 212
3750 46 98 59 203
3751 102 42 65 209
3752 74 62 59 195
3753 76 54 67 197
3754 80 57 45 182
3755 74 66 60 200
3756 74 90 65 229
3757 71 77 97 245
3758 63 59 117 239
3759 74 45 83 202
3760 84 97 70 251
3761 40 80 60 180
3762 69 50 54 173
3763 36 86 95 217
3764 81 110 109 300
3765 8 89 28 125
3766 55 78 66 199
3767 89 54 80 223
3768 38 71 93 202
3769 61 109 123 293
3770 71 104 88 263
3771 56 69 73 198
3772 86 55 98 239
3773 79 81 85 245
3774 55 94 40 189
3775 110 74 91 275
3776 90 63 50 203
3777 95 142 73 310
3778 79 63 85 227
3779 71 49 60 180
3780 59 44 73 176
3781 51 73 70 194
3782 110 66 73 249
3783 72 58 87 217
3784 32 79 85 196
3785 51 103 100 254
3786 77 36 105 218
3787 96 97 85 278
3788 103 74 97 274
3789 75 115 38 228
3790 72 71 92 235
3791 41 96 102 239
3792 61 91 84 236
3793 88 70 65 223
3794 91 106 78 275
3795 90 63 62 215
3796 20 92 76 188
3797 73 100 113 286
3798 25 59 63 147
3799 51 88 72 211
3800 72 57 76 205
3801 99 69 115 283
3802 -4 66 75 137
3803 90 43 58 191
3804 102 60 62 224
3805 61 31 66 158
3806 75 102 57 234
3807 76 131 81 288
3808 93 50 96 239
3809 131 90 112 333
3810 108 61 67 236
3811 73 65 81 219
3812 77 91 76 244
3813 59 65 59 183
3814 125 114 70 309
3815 36 108 83 227
3816 110 76 83 269
3817 63 87 88 238
3818 69 77 53 199
3819 87 117 88 292
3820 84 35 66 185
3821 57 70 40 167
3822 71 93 108 272
3823 114 106 102 322
3824 72 57 34 163
3825 59 76 80 215
3826 35 88 70 193
3827 46 -1 32 77
3828 64 107 71 242
3829 57 84 98 239
3830 70 113 92 275
3831 100 59 82 241
3832 92 82 86 260
3833 30 70 62 162
3834 102 55 64 221
3835 99 38 63 200
3836 67 44 71 182
3837 75 116 87 278
3838 33 65 69 167
3839 36 123 69 228
3840 52 110 92 254
3841 69 70 70 209
3842 38 116 63 217
3843 46 80 130 256
3844 75 90 60 225
3845 96 63 19 178
3846 36 88 8 132
3847 125 100 40 265
3848 87 39 85 211
3849 59 85 109 253
3850 81 76 95 252
3851 96 79 45 220
3852 112 96 126 334
3853 73 100 50 223
3854 103 65 47 215
3855 85 81 99 265
3856 81 63 96 240
3857 54 26 44 124
3858 73 52 51 176
3859 114 82 70 266
3860 61 42 108 211
3861 82 80 83 245
3862 85 62 125 272
3863 24 92 63 179
3864 33 102 65 200
3865 60 44 63 167
3866 71 55 71 197
3867 102 24 50 176
3868 72 94 51 217
3869 74 82 95 251
3870 84 70 21 175
3871 99 69 66 234
3872 66 76 93 235
3873 80 128 79 287
3874 38 88 90 216
3875 84 90 99 273
3876 104 80 88 272
3877 105 94 115 314
3878 103 107 62 272
3879 44 67 72 183
3880 101 50 101 252
3881 86 125 98 309
3882 77 92 61 230
3883 35 87 83 205
3884 71 72 84 227
3885 104 82 51 237
3886 53 28 87 168
3887 39 35 95 169
3888 108 84 88 280
3889 52 119 101 272
3890 115 104 85 304
3891 54 88 80 222
3892 68 82 65 215
3893 61 73 25 159
3894 87 64 119 270
3895 82 61 99 242
3896 76 105 66 247
3897 72 55 95 222
3898 94 126 97 317
3899 53 78 103 234
3900 45 71 73 189
3901 90 92 92 274
3902 52 93 72 217
3903 96 51 59 206
3904 140 36 33 209
3905 91 74 67 232
3906 38 79 88 205
3907 87 83 68 238
3908 131 83 81 295
3909 92 85 108 285
3910 78 124 68 270
3911 31 65 117 213
3912 84 82 77 243
3913 61 114 34 209
3914 88 62 103 253
3915 62 102 48 212
3916 27 78 73 178
3917 75 81 83 239
3918 83 109 77 269
3919 105 75 58 238
3920 71 75 88 234
3921 110 112 54 276
3922 66 115 56 237
3923 78 67 91 236
3924 77 82 15 174
3925 89 99 81 269
3926 85 42 111 238
3927 112 69 56 237
3928 71 70 31 172
3929 82 53 97 232
3930 102 64 67 233
3931 14 23 55 92
3932 75 20 91 186
3933 60 89 62 211
3934 113 83 94 290
3935 91 59 43 193
3936 97 42 100 239
3937 76 36 59 171
3938 59 102 123 284
3939 65 107 39 211
3940 26 83 78 187
3941 83 50 49 182
3942 40 50 47 137
3943 91 94 94 279
3944 25 24 88 137
3945 78 49 46 173
3946 34 64 93 191
3947 133 72 39 244
3948 31 44 48 123
3949 59 94 118 271
3950 70 33 32 135
3951 35 68 91 194
3952 113 82 32 227
3953 40 91 90 221
3954 69 62 69 200
3955 96 55 50 201
3956 101 61 74 236
3957 88 79 43 210
3958 67 130 56 253
3959 86 36 94 216
3960 71 101 36 208
3961 50 47 75 172
3962 43 80 101 224
3963 62 114 97 273
3964 93 69 55 217
3965 83 39 88 210
3966 79 20 106 205
3967 75 49 51 175
3968 109 132 137 378
3969 43 115 67 225
3970 40 127 64 231
3971 76 92 55 223
3972 53 108 29 190
3973 63 58 68 189
3974 67 110 75 252
3975 72 122 112 306
3976 74 92 95 261
3977 61 36 85 182
3978 104 97 58 259
3979 87 54 85 226
3980 96 99 40 235
3981 80 97 106 283
3982 99 56 114 269
3983 128 66 74 268
3984 58 46 111 215
3985 75 55 63 193
3986 49 124 67 240
3987 84 107 87 278
3988 71 64 126 261
3989 76 101 85 262
3990 43 61 66 170
3991 78 67 81 226
3992 40 95 76 211
3993 108 89 114 311
3994 107 53 71 231
3995 91 79 -1 169
3996 91 95 83 269
3997 75 110 62 247
3998 64 23 58 145
3999 37 68 74 179
4000 100 99 66 265
4001 77 92 102 271
4002 68 63 49 180
4003 102 35 61 198
4004 54 77 65 196
4005 71 52 36 159
4006 50 55 94 199
4007 37 112 53 202
4008 57 80 73 210
4009 106 71 96 273
4010 61 90 53 204
4011 74 83 66 223
4012 36 86 46 168
4013 75 114 83 272
4014 35 94 110 239
4015 22 64 143 229
4016 58 76 80 214
4017 78 55 79 212
4018 92 101 85 278
4019 63 52 90 205
4020 93 79 71 243
4021 103 71 80 254
4022 36 83 87 206
4023 100 64 80 244
4024 77 19 47 143
4025 85 68 69 222
4026 65 66 65 196
4027 61 95 87 243
4028 77 80 79 236
4029 36 56 46 138
4030 66 85 42 193
4031 105 94 56 255
4032 71 86 66 223
4033 109 93 105 307
4034 85 70 108 263
4035 78 98 86 262
4036 110 131 17 258
4037 116 73 86 275
4038 85 34 100 219
4039 77 62 79 218
4040 103 61 104 268
4041 67 96 48 211
4042 55 79 34 168
4043 55 45 70 170
4044 42 101 67 210
4045 112 49 82 243
4046 49 82 125 256
4047 76 41 37 154
4048 56 71 98 225
4049 125 105 92 322
4050 95 65 55 215
4051 100 87 62 249
4052 92 75 86 253
4053 129 50 58 237
4054 87 77 86 250
4055 49 104 109 262
4056 26 92 73 191
4057 60 58 108 226
4058 33 48 71 152
4059 106 110 108 324
4060 94 77 105 276
4061 85 49 50 184
4062 60 111 45 216
4063 55 81 118 254
4064 113 91 65 269
4065 33 98 32 163
4066 96 104 75 275
4067 65 63 102 230
4068 82 102 86 270
4069 66 70 64 200
4070 68 93 68 229
4071 77 57 115 249
4072 112 76 32 220
4073 76 95 18 189
4074 55 67 115 237
4075 91 73 107 271
4076 84 79 51 214
4077 42 79 79 200
4078 50 130 72 252
4079 83 97 56 236
4080 74 114 41 229
4081 72 121 45 238
4082 60 72 40 172
4083 62 58 88 208
4084 117 94 67 278
4085 46 85 105 236
4086 32 57 94 183
4087 75 82 45 202
4088 71 57 54 182
4089 74 101 90 265
4090 88 70 45 203
4091 81 70 116 267
4092 109 51 88 248
4093 78 63 106 247
4094 48 72 43 163
4095 68 42 67 177
4096 88 105 64 257
4097 106 51 107 264
4098 85 87 106 278
4099 112 68 32 212
4100 49 71 96 216
4101 80 76 75 231
4102 78 102 90 270
4103 84 33 81 198
4104 64 62 80 206
4105 48 116 70 234
4106 75 40 20 135
4107 109 92 83 284
4108 87 66 61 214
4109 80 48 89 217
4110 119 83 78 280
4111 96 60 116 272
4112 73 61 71 205
4113 19 86 78 183
4114 74 82 84 240
4115 67 86 95 248
4116 103 64 95 262
4117 91 97 68 256
4118 111 99 112 322
4119 101 109 56 266
4120 72 121 71 264
4121 100 68 85 253
4122 111 41 80 232
4123 54 58 66 178
4124 101 113 91 305
4125 72 110 42 224
4126 45 76 80 201
4127 44 31 78 153
4128 77 71 74 222
4129 33 93 43 169
4130 75 114 49 238
4131 84 85 80 249
4132 143 62 58 263
4133 81 100 97 278
4134 110 68 58 236
4135 100 29 63 192
4136 90 62 94 246
4137 48 41 87 176
4138 44 73 97 214
4139 51 113 80 244
4140 60 77 81 218
4141 87 76 32 195
4142 75 45 37 157
4143 85 97 73 255
4144 41 31 84 156
4145 66 90 53 209
4146 117 52 141 310
4147 71 87 68 226
4148 71 49 20 140
4149 53 64 70 187
4150 51 99 13 163
4151 76 99 92 267
4152 58 38 74 170
4153 56 93 68 217
4154 66 59 83 208
4155 110 128 77 315
4156 85 50 113 248
4157 119 52 56 227
4158 55 47 67 169
4159 89 66 107 262
4160 75 37 48 160
4161 82 78 94 254
4162 121 89 12 222
4163 76 39 63 178
4164 14 94 94 202
4165 142 58 84 284
4166 121 68 80 269
4167 43 87 39 169
4168 92 49 74 215
4169 77 80 96 253
4170 108 100 81 289
4171 64 69 104 237
4172 116 64 88 268
4173 55 68 50 173
4174 77 98 14 189
4175 61 85 93 239
4176 40 88 80 208
4177 98 89 82 269
4178 26 61 45 132
4179 44 108 103 255
4180 110 51 104 265
4181 79 68 24 171
4182 84 21 94 199
4183 75 74 100 249
4184 110 70 52 232
4185 27 51 49 127
4186 87 73 90 250
4187 83 88 112 283
4188 94 78 70 242
4189 59 56 80 195
4190 71 88 91 250
4191 92 117 66 275
4192 64 94 81 239
4193 35 86 104 225
4194 67 87 57 211
4195 51 58 91 200
4196 73 66 34 173
4197 91 64 116 271
4198 57 51 50 158
4199 58 71 38 167
4200 86 103 90 279
4201 130 56 38 224
4202 77 29 52 158
4203 67 29 49 145
4204 88 73 60 221
4205 42 56 64 162
4206 108 41 53 202
4207 94 106 54 254
4208 96 42 51 189
4209 78 79 58 215
4210 73 86 88 247
4211 93 23 93 209
4212 58 77 95 230
4213 48 22 69 139
4214 71 49 59 179
4215 65 54 78 197
4216 76 100 112 288
4217 88 58 69 215
4218 113 33 91 237
4219 111 126 64 301
4220 8 92 49 149
4221 57 48 50 155
4222 45 83 83 211
4223 83 35 70 188
4224 53 79 74 206
4225 78 128 65 271
4226 77 62 59 198
4227 117 83 91 291
4228 53 106 72 231
4229 71 81 52 204
4230 80 73 65 218
4231 54 96 79 229
4232 53 74 122 249
4233 117 92 83 292
4234 109 134 79 322
4235 68 69 67 204
4236 64 106 43 213
4237 70 71 84 225
4238 100 73 91 264
4239 50 30 86 166
4240 33 61 51 145
4241 65 150 99 314
4242 51 83 66 200
4243 31 33 74 138
4244 56 110 70 236
4245 66 79 53 198
4246 47 60 55 162
4247 78 74 35 187
4248 85 56 49 190
4249 86 29 99 214
4250 67 71 38 176
4251 29 55 123 207
4252 26 31 60 117
4253 100 90 125 315
4254 45 72 109 226
4255 71 73 74 218
4256 95 74 42 211
4257 72 64 113 249
4258 101 67 94 262
4259 96 75 78 249
4260 23 74 75 172
4261 79 105 51 235
4262 48 57 102 207
4263 95 23 116 234
4264 119 105 54 278
4265 39 73 101 213
4266 74 109 73 256
4267 56 102 77 235
4268 50 66 99 215
4269 91 29 97 217
4270 84 92 66 242
4271 102 54 67 223
4272 62 63 78 203
4273 92 66 75 233
4274 67 79 68 214
4275 80 47 90 217
4276 88 87 95 270
4277 51 96 89 236
4278 91 97 43 231
4279 75 59 54 188
4280 95 95 87 277
4281 56 35 27 118
4282 63 48 88 199
4283 113 57 85 255
4284 97 79 83 259
4285 109 51 55 215
4286 92 89 46 227
4287 79 -10 54 123
4288 56 74 46 176
4289 61 74 81 216
4290 105 65 58 228
4291 96 50 83 229
4292 113 92 81 286
4293 80 71 100 251
4294 42 58 24 124
4295 77 67 67 211
4296 98 91 83 272
4297 21 68 94 183
4298 52 78 89 219
4299 79 90 116 285
4300 99 74 36 209
4301 64 86 19 169
4302 88 85 47 220
4303 161 35 52 248
4304 55 52 95 202
4305 51 51 99 201
4306 79 66 106 251
4307 102 93 88 283
4308 105 93 98 296
4309 28 116 109 253
4310 71 43 77 191
4311 64 60 65 189
4312 92 26 77 195
4313 38 89 59 186
4314 40 75 44 159
4315 66 75 119 260
4316 58 99 62 219
4317 52 75 10 137
4318 20 70 116 206
4319 67 87 74 228
4320 42 54 66 162
4321 50 78 47 175
4322 85 95 75 255
4323 95 79 112 286
4324 35 50 86 171
4325 54 52 82 188
4326 92 80 109 281
4327 103 78 90 271
4328 34 81 52 167
4329 85 76 30 191
4330 95 24 111 230
4331 108 73 119 300
4332 60 111 67 238
4333 77 87 70 234
4334 35 98 96 229
4335 53 83 34 170
4336 69 103 57 229
4337 119 62 92 273
4338 61 127 75 263
4339 102 100 80 282
4340 105 68 0 173
4341 105 82 57 244
4342 94 62 54 210
4343 84 105 77 266
4344 44 105 71 220
4345 101 71 123 295
4346 78 78 119 275
4347 68 61 72 201
4348 40 85 57 182
4349 8 77 52 137
4350 60 20 59 139
4351 58 78 81 217
4352 78 99 95 272
4353 91 98 82 271
4354 38 78 67 183
4355 92 154 68 314
4356 74 84 52 210
4357 49 70 84 203
4358 93 73 47 213
4359 53 78 80 211
4360 71 51 73 195
4361 52 61 80 193
4362 97 107 42 246
4363 86 66 69 221
4364 25 98 79 202
4365 67 121 56 244
4366 117 98 44 259
4367 102 111 28 241
4368 108 86 81 275
4369 28 37 150 215
4370 73 117 91 281
4371 56 80 80 216
4372 75 56 84 215
4373 80 74 119 273
4374 118 101 65 284
4375 58 74 57 189
4376 48 86 58 192
4377 108 108 97 313
4378 96 53 120 269
4379 87 83 108 278
4380 105 66 102 273
4381 109 54 121 284
4382 80 78 90 248
4383 32 34 94 160
4384 41 86 98 225
4385 62 86 86 234
4386 66 130 90 286
4387 128 95 87 310
4388 83 82 75 240
4389 19 94 58 171
4390 42 106 58 206
4391 41 61 18 120
4392 104 64 71 239
4393 56 60 47 163
4394 62 78 103 243
4395 104 67 70 241
4396 74 76 71 221
4397 84 70 83 237
4398 44 76 69 189
4399 58 46 58 162
4400 95 70 36 201
4401 79 67 73 219
4402 69 61 59 189
4403 78 43 84 205
4404 73 71 52 196
4405 81 45 129 255
4406 51 34 117 202
4407 96 66 90 252
4408 59 78 56 193
4409 101 69 36 206
4410 76 83 39 198
4411 58 81 63 202
4412 102 75 84 261
4413 133 53 58 244
4414 106 83 65 254
4415 52 110 34 196
4416 46 88 36 170
4417 57 92 78 227
4418 61 129 67 257
4419 69 70 33 172
4420 66 33 43 142
4421 76 106 118 300
4422 76 87 93 256
4423 72 71 51 194
4424 53 71 51 175
4425 114 138 103 355
4426 68 85 70 223
4427 56 42 66 164
4428 85 95 97 277
4429 114 55 52 221
4430 23 89 68 180
4431 68 43 94 205
4432 91 77 62 230
4433 48 48 61 157
4434 78 123 87 288
4435 76 37 55 168
4436 106 99 87 292
4437 79 76 100 255
4438 44 16 97 157
4439 84 52 73 209
4440 60 12 64 136
4441 90 93 114 297
4442 110 48 102 260
4443 120 49 40 209
4444 73 68 37 178
4445 111 68 54 233
4446 122 95 60 277
4447 41 60 56 157
4448 74 103 74 251
4449 12 93 61 166
4450 91 58 108 257
4451 50 76 105 231
4452 50 22 89 161
4453 80 58 79 217
4454 85 65 107 257
4455 68 63 89 220
4456 82 29 60 171
4457 54 88 15 157
4458 37 90 77 204
4459 64 103 89 256
4460 47 57 72 176
4461 77 72 77 226
4462 10 98 80 188
4463 90 85 50 225
4464 52 64 58 174
4465 41 96 68 205
4466 31 107 110 248
4467 92 118 93 303
4468 81 35 71 187
4469 71 105 111 287
4470 117 94 71 282
4471 39 70 47 156
4472 102 112 87 301
4473 115 96 87 298
4474 29 63 130 222
4475 46 65 97 208
4476 96 65 70 231
4477 30 117 54 201
4478 67 106 59 232
4479 55 24 65 144
4480 39 53 83 175
4481 58 58 78 194
4482 76 49 69 194
4483 33 103 75 211
4484 74 88 99 261
4485 95 83 73 251
4486 67 50 77 194
4487 50 104 108 262
4488 86 56 42 184
4489 54 91 29 174
4490 83 61 82 226
4491 123 100 28 251
4492 39 72 75 186
4493 103 28 55 186
4494 110 78 103 291
4495 48 98 71 217
4496 37 108 98 243
4497 77 66 81 224
4498 71 129 124 324
4499 67 83 75 225
4500 59 106 52 217
4501 46 99 59 204
4502 96 74 106 276
4503 86 88 70 244
4504 53 113 94 260
4505 82 95 107 284
4506 52 53 55 160
4507 106 44 54 204
4508 64 93 78 235
4509 87 65 115 267
4510 89 63 78 230
4511 88 106 65 259
4512 129 102 86 317
4513 55 85 58 198
4514 60 100 48 208
4515 103 91 52 246
4516 64 52 113 229
4517 93 95 116 304
4518 67 34 114 215
4519 84 46 90 220
4520 63 66 55 184
4521 53 107 130 290
4522 49 46 51 146
4523 63 69 63 195
4524 88 68 81 237
4525 52 97 30 179
4526 64 46 69 179
4527 76 96 56 228
4528 95 70 66 231
4529 84 60 96 240
4530 112 43 60 215
4531 35 55 48 138
4532 94 51 101 246
4533 104 59 47 210
4534 79 64 93 236
4535 50 64 110 224
4536 13 80 18 111
4537 81 53 98 232
4538 77 73 69 219
4539 99 69 87 255
4540 50 58 100 208
4541 66 78 107 251
4542 68 27 72 167
4543 61 51 52 164
4544 98 62 63 223
4545 79 84 52 215
4546 90 106 99 295
4547 95 120 63 278
4548 54 98 65 217
4549 22 52 35 109
4550 53 75 61 189
4551 83 69 62 214
4552 55 100 49 204
4553 99 52 6 157
4554 52 63 73 188
4555 99 73 75 247
4556 107 61 76 244
4557 104 65 111 280
4558 69 78 55 202
4559 92 82 106 280
4560 92 110 9 211
4561 72 102 49 223
4562 60 86 32 178
4563 73 35 59 167
4564 127 65 38 230
4565 100 105 92 297
4566 73 98 81 252
4567 94 66 32 192
4568 116 59 64 239
4569 106 71 54 231
4570 77 65 93 235
4571 58 99 101 258
4572 68 98 63 229
4573 73 37 69 179
4574 49 43 76 168
4575 58 59 67 184
4576 66 99 74 239
4577 60 77 92 229
4578 107 86 89 282
4579 93 52 66 211
4580 79 123 102 304
4581 56 84 124 264
4582 88 90 17 195
4583 101 91 67 259
4584 42 35 73 150
4585 79 109 94 282
4586 81 74 90 245
4587 79 63 75 217
4588 107 33 114 254
4589 38 48 28 114
4590 86 108 82 276
4591 87 111 108 306
4592 98 87 71 256
4593 37 67 77 181
4594 65 80 78 223
4595 104 70 61 235
4596 59 83 61 203
4597 55 90 90 235
4598 69 68 80 217
4599 50 69 93 212
4600 129 109 30 268
4601 69 72 72 213
4602 112 105 47 264
4603 53 101 39 193
4604 97 63 81 241
4605 126 62 35 223
4606 81 112 95 288
4607 43 58 79 180
4608 51 101 102 254
4609 111 68 55 234
4610 51 16 63 130
4611 57 99 73 229
4612 60 59 96 215
4613 67 74 82 223
4614 123 56 113 292
4615 28 68 54 150
4616 109 30 107 246
4617 87 77 67 231
4618 54 123 72 249
4619 45 123 107 275
4620 72 78 66 216
4621 75 78 45 198
4622 101 102 72 275
4623 93 85 48 226
4624 30 77 66 173
4625 76 112 71 259
4626 69 85 85 239
4627 86 56 43 185
4628 130 105 88 323
4629 108 35 65 208
4630 85 86 86 257
4631 71 105 44 220
4632 43 106 73 222
4633 38 48 108 194
4634 82 30 107 219
4635 119 82 71 272
4636 71 24 86 181
4637 117 38 80 235
4638 42 53 65 160
4639 130 76 85 291
4640 82 120 86 288
4641 73 86 96 255
4642 131 111 59 301
4643 58 54 65 177
4644 62 28 112 202
4645 69 57 114 240
4646 58 90 32 180
4647 76 134 88 298
4648 67 94 72 233
4649 89 47 54 190
4650 79 106 58 243
4651 68 48 72 188
4652 82 69 48 199
4653 69 69 60 198
4654 73 101 73 247
4655 54 43 91 188
4656 66 62 71 199
4657 129 35 93 257
4658 108 73 67 248
4659 83 74 60 217
4660 97 55 68 220
4661 71 63 103 237
4662 110 46 60 216
4663 95 60 34 189
4664 107 42 118 267
4665 56 39 103 198
4666 42 131 30 203
4667 90 60 91 241
4668 41 65 45 151
4669 81 74 69 224
4670 41 61 103 205
4671 55 78 60 193
4672 66 82 92 240
4673 86 74 89 249
4674 92 63 49 204
4675 73 93 86 252
4676 81 86 60 227
4677 70 56 32 158
4678 75 28 52 155
4679 90 38 68 196
4680 46 103 69 218
4681 107 88 60 255
4682 83 77 75 235
4683 120 67 87 274
4684 59 84 46 189
4685 87 37 44 168
4686 71 113 118 302
4687 61 62 52 175
4688 90 94 97 281
4689 72 68 107 247
4690 81 80 64 225
4691 90 66 46 202
4692 58 45 6 109
4693 85 26 37 148
4694 86 87 41 214
4695 99 69 90 258
4696 60 59 91 210
4697 47 81 88 216
4698 77 74 89 240
4699 125 67 77 269
4700 68 84 75 227
4701 117 92 30 239
4702 78 94 66 238
4703 51 112 48 211
4704 68 71 95 234
4705 50 73 101 224
4706 79 53 64 196
4707 47 63 97 207
4708 42 81 66 189
4709 93 67 39 199
4710 107 83 82 272
4711 84 70 105 259
4712 63 67 81 211
4713 61 70 81 212
4714 67 64 84 215
4715 62 87 90 239
4716 122 85 60 267
4717 55 54 24 133
4718 48 69 69 186
4719 45 131 119 295
4720 66 69 101 236
4721 94 64 75 233
4722 143 88 34 265
4723 57 79 101 237
4724 87 74 90 251
4725 72 108 135 315
4726 69 73 71 213
4727 90 36 79 205
4728 75 54 92 221
4729 57 51 48 156
4730 59 100 70 229
4731 129 91 83 303
4732 109 43 62 214
4733 84 94 73 251
4734 58 67 91 216
4735 117 89 104 310
4736 52 78 68 198
4737 44 82 87 213
4738 41 109 104 254
4739 72 84 75 231
4740 64 81 55 200
4741 37 77 83 197
4742 42 138 63 243
4743 97 76 60 233
4744 82 50 75 207
4745 71 55 43 169
4746 103 47 59 209
4747 122 70 104 296
4748 31 68 110 209
4749 53 79 63 195
4750 105 130 40 275
4751 93 79 85 257
4752 99 75 67 241
4753 86 95 70 251
4754 100 54 110 264
4755 43 88 61 192
4756 88 70 74 232
4757 66 75 57 198
4758 67 60 75 202
4759 108 136 94 338
4760 66 17 97 180
4761 63 83 55 201
4762 57 92 97 246
4763 40 76 60 176
4764 81 74 114 269
4765 131 112 81 324
4766 66 35 66 167
4767 67 12 86 165
4768 35 101 85 221
4769 49 71 112 232
4770 39 66 54 159
4771 79 52 80 211
4772 44 58 98 200
4773 54 75 49 178
4774 27 56 72 155
4775 72 99 40 211
4776 79 30 65 174
4777 120 74 79 273
4778 76 65 81 222
4779 91 55 24 170
4780 90 77 76 243
4781 86 83 102 271
4782 66 26 88 180
4783 92 58 78 228
4784 83 51 69 203
4785 75 93 62 230
4786 106 98 84 288
4787 82 99 77 258
4788 46 43 65 154
4789 70 70 28 168
4790 72 63 100 235
4791 70 105 72 247
4792 110 70 60 240
4793 94 107 120 321
4794 29 135 70 234
4795 83 81 77 241
4796 116 111 43 270
4797 71 62 67 200
4798 76 65 69 210
4799 64 103 93 260
4800 104 64 109 277
4801 68 60 82 210
4802 86 90 65 241
4803 19 46 9 74
4804 49 70 51 170
4805 87 63 88 238
4806 28 95 100 223
4807 82 103 51 236
4808 124 111 69 304
4809 64 57 72 193
4810 104 87 65 256
4811 53 61 80 194
4812 38 101 15 154
4813 73 54 43 170
4814 11 44 65 120
4815 61 74 56 191
4816 37 74 83 194
4817 85 75 42 202
4818 31 85 79 195
4819 82 85 76 243
4820 58 83 78 219
4821 34 36 63 133
4822 103 96 61 260
4823 72 82 36 190
4824 31 42 77 150
4825 98 110 87 295
4826 79 105 96 280
4827 104 38 68 210
4828 40 62 56 158
4829 74 141 59 274
4830 111 67 99 277
4831 155 32 35 222
4832 66 94 79 239
4833 48 49 104 201
4834 60 56 100 216
4835 82 90 74 246
4836 95 82 96 273
4837 110 96 95 301
4838 94 88 117 299
4839 47 76 135 258
4840 59 115 112 286
4841 85 32 69 186
4842 79 72 137 288
4843 41 84 85 210
4844 90 51 76 217
4845 76 73 75 224
4846 98 74 62 234
4847 86 64 39 189
4848 36 93 85 214
4849 36 125 19 180
4850 61 104 74 239
4851 68 89 110 267
4852 93 107 53 253
4853 82 87 76 245
4854 71 42 76 189
4855 86 93 48 227
4856 62 57 78 197
4857 68 115 39 222
4858 16 60 46 122
4859 66 68 95 229
4860 84 86 61 231
4861 63 104 29 196
4862 71 68 34 173
4863 63 55 134 252
4864 95 58 86 239
4865 69 48 82 199
4866 110 86 93 289
4867 120 66 102 288
4868 68 87 72 227
4869 80 79 104 263
4870 108 35 36 179
4871 82 81 81 244
4872 96 31 75 202
4873 66 74 75 215
4874 88 61 95 244
4875 71 57 79 207
4876 77 25 71 173
4877 125 104 105 334
4878 123 48 96 267
4879 58 98 112 268
4880 95 65 102 262
4881 35 71 115 221
4882 59 47 29 135
4883 54 45 97 196
4884 105 70 140 315
4885 91 74 66 231
4886 74 76 81 231
4887 114 80 83 277
4888 65 70 73 208
4889 30 73 73 176
4890 69 57 113 239
4891 61 64 38 163
4892 110 82 70 262
4893 38 64 126 228
4894 68 122 41 231
4895 76 66 61 203
4896 56 128 36 220
4897 31 97 86 214
4898 101 73 87 261
4899 21 65 42 128
4900 76 66 86 228
4901 82 55 69 206
4902 103 76 37 216
4903 66 100 98 264
4904 91 139 45 275
4905 81 59 100 240
4906 98 56 64 218
4907 83 90 107 280
4908 100 115 25 240
4909 52 37 37 126
4910 80 99 115 294
4911 46 56 23 125
4912 91 76 108 275
4913 48 74 80 202
4914 26 106 109 241
4915 68 30 98 196
4916 85 97 80 262
4917 80 95 42 217
4918 62 75 61 198
4919 63 69 47 179
4920 74 101 110 285
4921 97 95 49 241
4922 80 68 39 187
4923 105 72 75 252
4924 87 50 60 197
4925 78 91 80 249
4926 98 37 91 226
4927 88 25 72 185
4928 75 64 66 205
4929 51 55 67 173
4930 97 85 93 275
4931 65 45 78 188
4932 94 64 80 238
4933 50 54 76 180
4934 74 48 87 209
4935 107 53 118 278
4936 65 48 52 165
4937 57 77 81 215
4938 102 71 106 279
4939 68 125 64 257
4940 83 30 92 205
4941 84 119 92 295
4942 68 68 13 149
4943 90 56 64 210
4944 67 65 81 213
4945 55 94 86 235
4946 78 73 35 186
4947 59 75 101 235
4948 128 77 75 280
4949 111 109 79 299
4950 40 88 55 183
4951 87 53 28 168
4952 86 18 77 181
4953 34 81 87 202
4954 51 52 74 177
4955 62 49 51 162
4956 57 54 119 230
4957 87 59 24 170
4958 68 65 54 187
4959 65 79 95 239
4960 60 90 67 217
4961 54 57 106 217
4962 80 51 83 214
4963 68 55 38 161
4964 92 66 38 196
4965 55 117 87 259
4966 15 90 93 198
4967 103 47 48 198
4968 114 33 90 237
4969 80 71 75 226
4970 96 32 63 191
4971 47 106 75 228
4972 90 57 74 221
4973 69 72 57 198
4974 54 47 71 172
4975 81 63 58 202
4976 112 75 59 246
4977 65 24 29 118
4978 46 124 88 258
4979 87 69 51 207
4980 68 47 73 188
4981 97 103 87 287
4982 63 69 66 198
4983 58 118 61 237
4984 83 45 70 198
4985 56 92 108 256
4986 16 65 90 171
4987 89 77 100 266
4988 125 74 89 288
4989 128 100 109 337
4990 69 69 105 243
4991 73 103 116 292
4992 89 55 73 217
4993 86 64 83 233
4994 44 95 102 241
4995 55 102 73 230
4996 66 92 100 258
4997 74 65 96 235
4998 92 78 101 271
4999 77 41 82 200
5000 93 51 40 184
