44 127 103 65 295
16 100 57 129 286
38 119 96 66 281
12 101 63 114 278
3 81 107 71 259
42 85 67 106 258
26 69 88 97 254
49 80 59 106 245
21 127 42 74 243
45 93 65 82 240
18 74 45 121 240
39 66 95 78 239
46 75 121 42 238
25 65 85 87 237
4 50 74 111 235
48 124 59 47 230
11 73 110 47 230
24 78 94 57 229
27 66 110 52 228
14 54 119 54 227
33 74 68 77 219
40 74 60 82 216
19 72 70 74 216
20 41 64 109 214
23 88 82 43 213
32 88 51 65 204
1 35 83 86 204
15 112 79 11 202
47 81 30 91 202
37 50 53 96 199
28 78 38 81 197
5 69 44 82 195
41 84 50 59 193
17 68 71 54 193
10 55 51 87 193
43 17 84 91 192
6 68 59 64 191
7 49 45 96 190
31 79 63 42 184
29 43 49 91 183
22 48 71 50 169
8 87 42 36 165
34 77 71 15 163
50 39 68 56 163
30 64 45 45 154
36 59 85 10 154
2 58 50 44 152
35 35 71 39 145
13 37 20 78 135
9 20 20 58 98
