1 35 83 86 204
2 58 50 44 152
3 81 107 71 259
4 50 74 111 235
5 69 44 82 195
6 68 59 64 191
7 49 45 96 190
8 87 42 36 165
9 20 20 58 98
10 55 51 87 193
11 73 110 47 230
12 101 63 114 278
13 37 20 78 135
14 54 119 54 227
15 112 79 11 202
16 100 57 129 286
17 68 71 54 193
18 74 45 121 240
19 72 70 74 216
20 41 64 109 214
21 127 42 74 243
22 48 71 50 169
23 88 82 43 213
24 78 94 57 229
25 65 85 87 237
26 69 88 97 254
27 66 110 52 228
28 78 38 81 197
29 43 49 91 183
30 64 45 45 154
31 79 63 42 184
32 88 51 65 204
33 74 68 77 219
34 77 71 15 163
35 35 71 39 145
36 59 85 10 154
37 50 53 96 199
38 119 96 66 281
39 66 95 78 239
40 74 60 82 216
41 84 50 59 193
42 85 67 106 258
43 17 84 91 192
44 127 103 65 295
45 93 65 82 240
46 75 121 42 238
47 81 30 91 202
48 124 59 47 230
49 80 59 106 245
50 39 68 56 163
