195 112 92 143 347
453 109 156 73 338
212 100 114 122 336
17 77 122 137 336
64 137 64 132 333
478 87 106 138 331
394 94 114 122 330
439 133 87 100 320
87 141 113 65 319
428 85 128 104 317
121 119 68 129 316
267 89 122 104 315
389 86 134 95 315
146 84 133 92 309
454 101 111 96 308
113 83 144 81 308
299 117 101 89 307
139 82 93 131 306
124 69 95 142 306
216 64 113 129 306
404 84 71 148 303
436 110 95 97 302
477 81 141 77 299
365 115 87 96 298
32 87 129 81 297
393 90 81 124 295
386 83 74 138 295
494 74 120 100 294
29 91 139 63 293
456 108 98 86 292
347 98 99 95 292
275 97 136 59 292
171 53 122 117 292
117 149 37 103 289
331 141 68 79 288
309 128 116 44 288
180 92 73 123 288
52 91 105 92 288
24 85 99 104 288
173 78 111 97 286
203 88 117 80 285
222 96 84 104 284
343 76 79 129 284
470 68 78 135 281
320 110 88 82 280
318 107 76 97 280
138 110 89 80 279
239 92 71 116 279
97 107 111 59 277
375 105 80 91 276
192 102 103 71 276
395 102 80 93 275
194 92 37 146 275
16 71 115 89 275
109 108 102 64 274
472 100 62 112 274
447 81 121 72 274
167 88 106 79 273
418 64 111 98 273
385 103 106 63 272
298 115 58 98 271
27 105 36 130 271
358 96 70 105 271
462 91 71 109 271
21 86 103 82 271
474 58 85 128 271
414 54 88 129 271
279 132 68 70 270
398 113 51 106 270
405 101 73 95 269
266 91 69 109 269
473 78 101 90 269
200 72 88 109 269
174 105 65 98 268
28 81 75 111 267
455 51 114 102 267
224 123 78 65 266
220 119 70 77 266
179 94 65 107 266
57 89 97 80 266
169 88 76 102 266
142 77 98 91 266
69 65 119 82 266
382 91 84 90 265
326 89 105 71 265
262 83 84 98 265
196 98 65 101 264
235 75 50 139 264
187 75 97 91 263
464 68 100 95 263
223 91 90 81 262
154 82 114 66 262
330 99 81 81 261
500 95 90 76 261
25 91 83 87 261
465 79 100 82 261
163 78 92 91 261
293 77 86 98 261
491 109 65 86 260
319 92 42 126 260
122 69 91 100 260
415 87 78 94 259
11 80 60 119 259
65 72 119 68 259
363 86 66 106 258
111 98 101 58 257
56 84 104 69 257
178 78 78 101 257
48 75 71 111 257
463 126 59 71 256
250 115 55 86 256
261 112 52 92 256
197 111 72 73 256
351 104 61 91 256
68 98 59 99 256
317 95 93 68 256
433 84 47 125 256
270 76 95 85 256
89 42 76 138 256
133 106 69 80 255
232 92 83 80 255
269 85 66 104 255
303 79 139 37 255
496 67 78 110 255
145 129 58 67 254
344 118 44 92 254
297 89 82 83 254
7 73 75 106 254
283 71 98 85 254
396 66 130 58 254
311 105 66 82 253
352 88 78 87 253
62 87 101 65 253
127 80 90 83 253
5 71 73 109 253
278 96 73 83 252
308 71 82 99 252
214 69 114 69 252
95 57 94 101 252
130 115 68 68 251
190 104 73 74 251
252 82 87 82 251
170 76 78 97 251
260 70 109 72 251
274 119 58 73 250
383 93 73 84 250
238 69 70 111 250
259 66 49 135 250
444 107 85 57 249
165 105 76 68 249
364 121 108 19 248
471 84 86 78 248
349 83 67 98 248
134 73 95 80 248
175 69 90 89 248
185 96 48 103 247
228 75 46 126 247
42 62 72 113 247
449 121 62 63 246
157 116 68 62 246
420 65 80 101 246
208 105 59 81 245
217 91 61 93 245
248 91 38 116 245
144 58 83 104 245
288 56 72 117 245
164 89 54 101 244
376 83 90 71 244
245 82 54 108 244
218 69 98 77 244
339 34 125 85 244
202 100 74 69 243
424 64 82 97 243
422 111 65 66 242
88 93 61 88 242
487 44 100 98 242
1 98 71 72 241
186 96 39 106 241
135 94 64 83 241
333 79 69 93 241
14 78 59 104 241
399 112 61 67 240
499 96 32 112 240
263 80 95 65 240
23 63 88 89 240
161 26 159 55 240
431 86 58 95 239
286 80 87 72 239
60 78 82 79 239
78 57 121 61 239
120 74 109 55 238
159 71 83 84 238
168 71 73 94 238
241 53 100 85 238
427 106 74 57 237
253 88 73 76 237
81 78 21 138 237
481 72 92 73 237
72 43 117 77 237
388 67 94 75 236
489 58 96 82 236
321 90 65 80 235
55 88 86 61 235
147 75 73 87 235
22 63 104 68 235
277 61 70 104 235
206 112 41 81 234
374 94 63 77 234
417 65 97 72 234
8 46 84 104 234
301 35 101 98 234
213 103 85 45 233
249 97 59 77 233
432 88 74 71 233
90 78 67 88 233
348 96 54 82 232
193 88 40 104 232
49 85 44 103 232
367 79 47 106 232
84 78 62 92 232
485 73 86 73 232
19 61 81 90 232
37 98 63 70 231
285 83 61 87 231
10 80 69 82 231
229 63 111 57 231
105 55 86 90 231
475 55 66 110 231
397 107 55 68 230
329 95 69 66 230
316 89 36 105 230
35 50 96 84 230
107 40 86 104 230
437 90 85 54 229
295 89 72 68 229
156 88 77 64 229
181 69 73 87 229
390 67 78 84 229
281 62 89 78 229
290 106 51 71 228
115 63 72 93 228
26 60 61 107 228
108 40 100 88 228
369 102 77 48 227
20 90 60 77 227
188 87 78 62 227
140 85 62 80 227
435 82 75 70 227
86 72 73 82 227
80 69 63 95 227
421 67 57 103 227
162 54 84 89 227
484 44 102 81 227
102 123 63 40 226
30 85 76 65 226
271 75 67 84 226
251 70 79 77 226
99 67 121 38 226
419 61 88 77 226
368 79 110 36 225
438 121 33 70 224
336 97 73 54 224
136 87 69 68 224
362 31 58 135 224
328 106 53 64 223
409 94 70 59 223
184 90 74 59 223
46 85 85 53 223
377 84 57 82 223
240 73 105 45 223
255 72 86 65 223
74 71 92 60 223
231 105 68 49 222
141 93 41 88 222
54 77 89 56 222
345 63 82 77 222
466 63 74 85 222
412 61 99 62 222
230 45 112 65 222
100 38 99 85 222
210 96 49 76 221
96 64 71 86 221
246 58 104 59 221
366 48 94 79 221
315 38 88 95 221
94 87 59 74 220
476 51 82 87 220
103 48 79 93 220
323 16 71 133 220
448 78 76 65 219
182 73 68 78 219
294 67 73 79 219
497 65 42 112 219
380 60 92 67 219
254 57 88 74 219
371 25 141 53 219
79 111 55 52 218
457 76 30 112 218
342 71 86 61 218
61 70 105 43 218
92 67 81 70 218
12 61 93 64 218
268 92 60 65 217
441 71 86 60 217
452 70 79 68 217
381 67 58 92 217
112 66 84 67 217
36 57 75 85 217
129 52 85 80 217
257 36 89 92 217
442 34 109 74 217
110 97 43 76 216
445 82 85 49 216
123 69 76 71 216
482 60 99 57 216
265 60 96 60 216
221 57 65 94 216
98 52 53 111 216
306 87 30 98 215
51 64 78 73 215
332 78 58 78 214
370 73 66 75 214
356 54 98 62 214
387 75 54 84 213
13 63 63 87 213
324 122 67 23 212
313 61 85 66 212
31 45 97 70 212
335 32 71 109 212
116 79 110 22 211
132 73 72 66 211
305 67 69 75 211
47 56 77 78 211
312 77 79 54 210
43 66 55 89 210
160 60 44 106 210
63 57 79 74 210
75 48 80 82 210
77 36 94 80 210
244 58 49 102 209
247 41 95 73 209
67 98 76 34 208
446 72 68 68 208
137 21 111 76 208
287 89 52 66 207
434 85 38 84 207
38 77 65 65 207
59 96 60 50 206
372 65 66 75 206
44 66 44 95 205
82 56 112 37 205
34 44 77 84 205
289 34 106 65 205
219 34 55 116 205
50 92 74 38 204
2 88 69 47 204
490 67 76 61 204
467 99 65 39 203
176 81 59 63 203
450 99 60 43 202
353 65 82 55 202
93 60 66 76 202
237 58 46 97 201
408 118 38 44 200
406 96 34 70 200
350 77 76 47 200
458 123 35 41 199
258 107 56 36 199
6 91 47 61 199
143 80 86 33 199
401 72 80 47 199
201 55 88 56 199
360 50 100 49 199
183 91 78 29 198
66 68 70 60 198
429 47 35 116 198
460 86 77 34 197
359 56 101 40 197
273 55 90 52 197
152 30 84 83 197
416 67 66 63 196
166 56 73 67 196
15 70 48 77 195
479 52 50 93 195
459 41 76 78 195
226 90 61 43 194
243 80 38 76 194
151 67 57 70 194
118 64 47 83 194
198 52 58 84 194
492 68 52 73 193
272 31 91 71 193
58 70 50 72 192
155 59 73 60 192
430 59 28 105 192
172 54 83 55 192
391 52 112 28 192
480 42 96 54 192
225 82 37 72 191
493 77 88 26 191
361 59 85 47 191
443 49 61 81 191
354 38 83 70 191
85 87 70 33 190
204 81 49 60 190
280 27 107 56 190
461 84 74 30 188
325 77 31 80 188
126 69 82 37 188
411 53 63 72 188
227 52 63 73 188
83 87 24 76 187
357 49 70 68 187
153 79 50 57 186
307 71 51 64 186
233 63 75 48 186
39 40 63 83 186
128 -6 140 52 186
403 67 31 87 185
215 65 81 39 185
207 58 71 56 185
282 50 49 86 185
9 79 75 30 184
355 70 68 46 184
209 84 93 6 183
425 24 86 73 183
45 92 33 57 182
379 89 52 41 182
234 50 83 49 182
392 42 97 42 181
158 63 67 50 180
400 110 46 23 179
53 70 43 66 179
4 49 31 99 179
73 42 75 62 179
327 58 62 58 178
205 58 59 61 178
40 53 46 79 178
341 51 48 79 178
91 50 53 75 178
264 64 46 67 177
125 79 56 40 175
486 41 30 104 175
310 36 63 76 175
340 72 50 52 174
236 71 49 54 174
483 57 66 51 174
71 85 46 42 173
410 54 41 78 173
334 51 73 49 173
256 42 80 47 169
211 68 33 67 168
291 58 56 54 168
276 46 43 79 168
119 31 56 81 168
304 57 60 50 167
488 46 69 49 164
76 60 37 66 163
495 51 32 80 163
373 47 81 34 162
199 89 69 3 161
191 44 58 59 161
101 73 42 45 160
346 11 100 49 160
402 48 36 75 159
302 63 52 43 158
426 72 46 37 155
296 68 46 40 154
131 28 48 77 153
338 54 46 52 152
104 63 38 50 151
148 44 45 62 151
70 55 42 53 150
33 51 69 30 150
498 64 55 30 149
314 51 12 86 149
468 11 49 89 149
106 59 20 69 148
451 28 70 50 148
3 69 58 20 147
41 42 64 41 147
189 67 47 32 146
242 75 0 70 145
413 38 36 71 145
423 37 42 65 144
469 19 53 69 141
18 49 56 35 140
440 50 43 46 139
378 29 54 55 138
384 47 31 57 135
150 62 25 47 134
114 34 36 62 132
407 61 47 23 131
284 14 52 65 131
300 80 8 41 129
177 49 37 40 126
322 72 -2 52 122
337 26 17 79 122
292 30 42 37 109
149 32 26 42 100
